Rate_Stage1(C),Rate_Stage2(C),Terminal_Current(C),Cycle,SOH(measured),Stage1_Time(s),Stage2_Time(s),Stage3_Time(s),Reward_Total,Reward_r_soh,Reward_r_time,Reward_delta_soh,Avg Temp(°C),Throughput(Ah),Discharge Cap(Ah),Terminal V(V),LLI(%),LAM_neg(%),LAM_pos(%)
1.0,1.0,0.01,1,1.003222,720.0,2160.0,1732.66,0.846356,0.704993,0.987719,0.026566,40.67,43.7264,4.8806,2.6823,0.026566,0.001344,0.0
1.0,1.0,0.01,2,1.002875,720.0,2160.0,1749.21,0.846712,0.705908,0.987517,0.026299,42.34,53.489,4.8789,2.6824,0.052866,0.002687,0.0
1.0,1.0,0.01,3,1.002527,720.0,2160.0,1748.3,0.847055,0.706583,0.987528,0.026104,42.34,63.2481,4.8772,2.6825,0.07897,0.004028,0.0
1.0,1.0,0.01,4,1.002182,720.0,2160.0,1747.45,0.847392,0.707246,0.987538,0.025913,42.34,73.0038,4.8755,2.6825,0.104883,0.005367,0.0
1.0,1.0,0.01,5,1.001651,720.0,2160.0,1746.6,0.801626,0.615702,0.987549,0.06559,42.34,82.7551,4.8729,2.6826,0.149144,0.025265,0.018561
1.0,1.0,0.01,6,1.00104,720.0,2160.0,1745.07,0.787173,0.586779,0.987567,0.085494,42.34,92.5009,4.87,2.6827,0.20145,0.053414,0.045375
1.0,1.0,0.01,7,1.000432,720.0,2160.0,1743.22,0.785778,0.583966,0.98759,0.087674,42.34,102.2407,4.867,2.6828,0.253383,0.081382,0.072011
1.0,1.0,0.01,8,0.999829,720.0,2160.0,1741.43,0.784439,0.581266,0.987612,0.089811,42.34,111.9746,4.8641,2.6829,0.30495,0.109173,0.098473
1.0,1.0,0.01,9,0.99923,720.0,2160.0,1739.65,0.783153,0.578673,0.987634,0.091905,42.36,121.7026,4.8612,2.683,0.356158,0.136792,0.124763
1.0,1.0,0.01,10,0.998635,720.0,2160.0,1737.85,0.781917,0.576179,0.987656,0.093957,42.36,131.4248,4.8583,2.6831,0.407015,0.16424,0.150886
1.0,1.0,0.01,11,0.998044,720.0,2160.0,1736.04,0.780728,0.573778,0.987678,0.095969,42.36,141.1412,4.8554,2.6833,0.457528,0.191522,0.176844
1.0,1.0,0.01,12,0.997457,720.0,2160.0,1734.25,0.779582,0.571464,0.9877,0.097943,42.36,150.8518,4.8525,2.6834,0.507703,0.218642,0.202641
1.0,1.0,0.01,13,0.996874,720.0,2160.0,1732.49,0.778476,0.569231,0.987721,0.099879,42.36,160.5567,4.8497,2.6835,0.557546,0.245601,0.228281
1.0,1.0,0.01,14,0.996295,720.0,2160.0,1730.65,0.77741,0.567077,0.987743,0.101778,42.36,170.2559,4.8469,2.6836,0.607065,0.272404,0.253765
1.0,1.0,0.01,15,0.995719,720.0,2160.0,1728.84,0.77638,0.564995,0.987765,0.103643,42.36,179.9495,4.8441,2.6836,0.656266,0.299052,0.279098
1.0,1.0,0.01,16,0.995148,720.0,2160.0,1727.11,0.775384,0.562981,0.987786,0.105474,42.36,189.6375,4.8413,2.6837,0.705153,0.325549,0.304281
1.0,1.0,0.01,17,0.99458,720.0,2160.0,1725.32,0.77442,0.561033,0.987808,0.107271,42.36,199.3199,4.8385,2.6838,0.753734,0.351898,0.329318
1.0,1.0,0.01,18,0.994015,720.0,2160.0,1723.57,0.773487,0.559146,0.987829,0.109037,42.36,208.9968,4.8358,2.6839,0.802014,0.378102,0.354211
1.0,1.0,0.01,19,0.993454,720.0,2160.0,1721.79,0.772584,0.557318,0.98785,0.110771,42.36,218.6682,4.8331,2.684,0.849997,0.404162,0.378963
1.0,1.0,0.01,20,0.992896,720.0,2160.0,1719.98,0.771708,0.555545,0.987872,0.112474,42.36,228.3341,4.8304,2.6841,0.897689,0.430082,0.403576
1.0,1.0,0.01,21,0.992342,720.0,2160.0,1718.17,0.770859,0.553825,0.987893,0.114149,42.36,237.9946,4.8277,2.6842,0.945096,0.455864,0.428053
1.0,1.0,0.01,22,0.991791,720.0,2160.0,1716.41,0.770034,0.552154,0.987915,0.115795,42.36,247.6497,4.825,2.6843,0.992222,0.48151,0.452396
1.0,1.0,0.01,23,0.991243,720.0,2160.0,1714.7,0.769233,0.55053,0.987935,0.117414,42.36,257.2994,4.8223,2.6844,1.039072,0.507022,0.476608
1.0,1.0,0.01,24,0.990699,720.0,2160.0,1712.94,0.768454,0.548953,0.987956,0.119006,42.36,266.9438,4.8197,2.6845,1.085651,0.532404,0.50069
1.0,1.0,0.01,25,0.990158,720.0,2160.0,1711.31,0.767696,0.547417,0.987975,0.120573,42.36,276.5828,4.817,2.6846,1.131964,0.557657,0.524645
1.0,1.0,0.01,26,0.98962,720.0,2160.0,1709.66,0.766959,0.545923,0.987995,0.122115,42.36,286.2166,4.8144,2.6847,1.178015,0.582783,0.548476
1.0,1.0,0.01,27,0.989084,720.0,2160.0,1707.8,0.766244,0.544471,0.988017,0.123629,42.36,295.8452,4.8118,2.6848,1.223807,0.607785,0.572184
1.0,1.0,0.01,28,0.988552,720.0,2160.0,1706.08,0.765546,0.543055,0.988037,0.125121,42.36,305.4685,4.8092,2.6849,1.269345,0.632664,0.59577
1.0,1.0,0.01,29,0.988023,720.0,2160.0,1704.26,0.764868,0.541676,0.988059,0.126588,42.36,315.0867,4.8066,2.685,1.314634,0.657421,0.619237
1.0,1.0,0.01,30,0.987497,720.0,2160.0,1702.59,0.764205,0.540331,0.988078,0.128034,42.36,324.6997,4.8041,2.6851,1.359677,0.68206,0.642588
1.0,1.0,0.01,31,0.986973,720.0,2160.0,1700.78,0.76356,0.53902,0.9881,0.129457,42.36,334.3075,4.8015,2.6852,1.404477,0.706582,0.665822
1.0,1.0,0.01,32,0.986452,720.0,2160.0,1699.0,0.762931,0.537741,0.988121,0.130857,42.36,343.9103,4.799,2.6853,1.44904,0.730989,0.688944
1.0,1.0,0.01,33,0.985934,720.0,2160.0,1697.21,0.762317,0.536492,0.988142,0.132237,42.36,353.5079,4.7965,2.6853,1.493367,0.755282,0.711953
1.0,1.0,0.01,34,0.985419,720.0,2160.0,1695.54,0.761717,0.535272,0.988161,0.133598,42.36,363.1006,4.794,2.6854,1.537464,0.779463,0.734852
1.0,1.0,0.01,35,0.984906,720.0,2160.0,1693.8,0.761131,0.534081,0.988181,0.134937,42.36,372.6882,4.7915,2.6855,1.581333,0.803534,0.757643
1.0,1.0,0.01,36,0.984397,720.0,2160.0,1692.1,0.760559,0.532917,0.988201,0.136258,42.36,382.2708,4.789,2.6856,1.624978,0.827497,0.780327
1.0,1.0,0.01,37,0.983889,720.0,2160.0,1690.31,0.760001,0.53178,0.988222,0.137558,42.36,391.8484,4.7865,2.6857,1.668402,0.851353,0.802906
1.0,1.0,0.01,38,0.983385,720.0,2160.0,1688.6,0.759455,0.530667,0.988242,0.138841,42.36,401.4211,4.7841,2.6858,1.711608,0.875104,0.825382
1.0,1.0,0.01,39,0.982882,720.0,2160.0,1686.81,0.758921,0.52958,0.988263,0.140104,42.36,410.9889,4.7816,2.6859,1.7546,0.89875,0.847754
1.0,1.0,0.01,40,0.982383,720.0,2160.0,1685.13,0.758398,0.528514,0.988282,0.141351,42.36,420.5518,4.7792,2.686,1.79738,0.922295,0.870027
1.0,1.0,0.01,41,0.981885,720.0,2160.0,1683.34,0.757888,0.527473,0.988303,0.14258,42.36,430.1097,4.7768,2.686,1.839952,0.945738,0.892199
1.0,1.0,0.01,42,0.98139,720.0,2160.0,1681.54,0.757389,0.526454,0.988324,0.143791,42.36,439.6629,4.7744,2.6861,1.882318,0.969082,0.914274
1.0,1.0,0.01,43,0.980898,720.0,2160.0,1680.0,0.756897,0.525452,0.988342,0.144989,42.38,449.2112,4.772,2.6862,1.924482,0.992328,0.936253
1.0,1.0,0.01,44,0.980408,720.0,2160.0,1678.45,0.756416,0.524472,0.988359,0.146171,42.38,458.7547,4.7696,2.6863,1.966446,1.015477,0.958137
1.0,1.0,0.01,45,0.979921,720.0,2160.0,1676.75,0.755946,0.523513,0.988379,0.147335,42.38,468.2934,4.7672,2.6864,2.008213,1.038531,0.979926
1.0,1.0,0.01,46,0.979435,720.0,2160.0,1674.98,0.755486,0.522573,0.988399,0.148482,42.38,477.8274,4.7649,2.6865,2.049786,1.061491,1.001623
1.0,1.0,0.01,47,0.978952,720.0,2160.0,1673.36,0.755034,0.521651,0.988418,0.149617,42.38,487.3566,4.7625,2.6866,2.091167,1.084358,1.023229
1.0,1.0,0.01,48,0.978471,720.0,2160.0,1671.53,0.754594,0.520748,0.988439,0.150734,42.38,496.8811,4.7602,2.6866,2.132359,1.107134,1.044745
1.0,1.0,0.01,49,0.977992,720.0,2160.0,1669.95,0.754159,0.51986,0.988457,0.15184,42.38,506.4009,4.7578,2.6867,2.173364,1.129818,1.066172
1.0,1.0,0.01,50,0.977516,720.0,2160.0,1668.12,0.753735,0.518992,0.988478,0.152928,42.38,515.916,4.7555,2.6868,2.214184,1.152414,1.08751
1.0,1.0,0.01,51,0.977041,720.0,2160.0,1666.52,0.753317,0.518137,0.988496,0.154006,42.39,525.4264,4.7532,2.6869,2.254822,1.174921,1.108763
1.0,1.0,0.01,52,0.976569,720.0,2160.0,1664.78,0.752908,0.5173,0.988516,0.155068,42.39,534.9322,4.7509,2.687,2.295281,1.197342,1.129929
1.0,1.0,0.01,53,0.976099,720.0,2160.0,1663.15,0.752505,0.516477,0.988534,0.156118,42.39,544.4334,4.7486,2.6871,2.335562,1.219676,1.151012
1.0,1.0,0.01,54,0.975631,720.0,2160.0,1661.52,0.75211,0.515668,0.988553,0.157155,42.39,553.9299,4.7464,2.6872,2.375669,1.241926,1.172011
1.0,1.0,0.01,55,0.975165,720.0,2160.0,1659.87,0.751723,0.514874,0.988571,0.15818,42.39,563.4219,4.7441,2.6872,2.415602,1.264092,1.192928
1.0,1.0,0.01,56,0.974701,720.0,2160.0,1658.1,0.751343,0.514096,0.988591,0.15919,42.39,572.9092,4.7418,2.6873,2.455365,1.286175,1.213763
1.0,1.0,0.01,57,0.974239,720.0,2160.0,1656.34,0.750971,0.51333,0.988611,0.160188,42.39,582.392,4.7396,2.6874,2.494959,1.308176,1.234518
1.0,1.0,0.01,58,0.973779,720.0,2160.0,1654.86,0.750601,0.512575,0.988628,0.161179,42.39,591.8703,4.7373,2.6875,2.534386,1.330097,1.255194
1.0,1.0,0.01,59,0.973321,720.0,2160.0,1653.1,0.750242,0.511836,0.988648,0.162153,42.39,601.3439,4.7351,2.6876,2.573649,1.351938,1.275791
1.0,1.0,0.01,60,0.972864,720.0,2158.93,1652.58,0.749886,0.511108,0.988665,0.163118,42.39,610.8132,4.7329,2.6876,2.612749,1.3737,1.296311
1.0,1.0,0.01,61,0.97241,720.0,2157.27,1652.63,0.749537,0.510391,0.988683,0.164072,42.39,620.278,4.7307,2.6877,2.651689,1.395385,1.316755
1.0,1.0,0.01,62,0.971958,720.0,2155.61,1652.49,0.749196,0.509689,0.988703,0.165012,42.39,629.7385,4.7285,2.6878,2.69047,1.416992,1.337123
1.0,1.0,0.01,63,0.971507,720.0,2153.97,1652.42,0.74886,0.508997,0.988723,0.165943,42.39,639.1946,4.7263,2.6879,2.729093,1.438523,1.357416
1.0,1.0,0.01,64,0.971058,720.0,2152.33,1652.42,0.748528,0.508316,0.988741,0.166863,42.39,648.6464,4.7241,2.688,2.767562,1.459978,1.377635
1.0,1.0,0.01,65,0.970611,720.0,2150.69,1652.42,0.748202,0.507645,0.988759,0.167774,42.4,658.0937,4.7219,2.688,2.805877,1.48136,1.397782
1.0,1.0,0.01,66,0.970166,720.0,2149.06,1652.58,0.74788,0.506984,0.988775,0.168676,42.4,667.5367,4.7198,2.6881,2.844041,1.502668,1.417856
1.0,1.0,0.01,67,0.969723,720.0,2147.44,1652.58,0.747564,0.506334,0.988793,0.169567,42.4,676.9754,4.7176,2.6882,2.882055,1.523904,1.437859
1.0,1.0,0.01,68,0.969281,720.0,2145.82,1652.48,0.747254,0.505696,0.988812,0.170446,42.4,686.4097,4.7155,2.6883,2.919921,1.545067,1.457792
1.0,1.0,0.01,69,0.968841,720.0,2144.21,1652.41,0.746949,0.505067,0.988831,0.171315,42.4,695.8397,4.7133,2.6884,2.95764,1.56616,1.477655
1.0,1.0,0.01,70,0.968403,720.0,2142.6,1652.42,0.746647,0.504446,0.988849,0.172177,42.4,705.2654,4.7112,2.6884,2.995214,1.587182,1.497448
1.0,1.0,0.01,71,0.967967,720.0,2141.0,1652.49,0.74635,0.503834,0.988866,0.17303,42.41,714.6868,4.7091,2.6885,3.032646,1.608135,1.517174
1.0,1.0,0.01,72,0.967532,720.0,2139.4,1652.55,0.746057,0.503232,0.988882,0.173874,42.41,724.1039,4.707,2.6886,3.069935,1.629019,1.536833
1.0,1.0,0.01,73,0.967099,720.0,2137.81,1652.52,0.74577,0.502639,0.9889,0.174707,42.41,733.5167,4.7048,2.6887,3.107085,1.649835,1.556425
1.0,1.0,0.01,74,0.966667,720.0,2136.23,1652.53,0.745486,0.502055,0.988917,0.175533,42.41,742.9253,4.7027,2.6887,3.144096,1.670584,1.57595
1.0,1.0,0.01,75,0.966237,720.0,2134.65,1652.55,0.745207,0.501478,0.988935,0.17635,42.41,752.3297,4.7007,2.6888,3.18097,1.691266,1.595411
1.0,1.0,0.01,76,0.965809,720.0,2133.08,1652.66,0.74493,0.500909,0.988951,0.17716,42.41,761.7299,4.6986,2.6889,3.217708,1.711883,1.614807
1.0,1.0,0.01,77,0.965382,720.0,2131.51,1652.57,0.74466,0.500351,0.988969,0.177958,42.41,771.1259,4.6965,2.689,3.254312,1.732434,1.63414
1.0,1.0,0.01,78,0.964957,720.0,2129.94,1652.62,0.744392,0.499798,0.988985,0.17875,42.42,780.5178,4.6944,2.6891,3.290784,1.752921,1.653409
1.0,1.0,0.01,79,0.964534,720.0,2128.39,1652.67,0.744127,0.499253,0.989002,0.179535,42.42,789.9056,4.6924,2.6891,3.327124,1.773344,1.672616
1.0,1.0,0.01,80,0.964112,720.0,2126.83,1652.65,0.743868,0.498717,0.989019,0.18031,42.42,799.2894,4.6903,2.6892,3.363334,1.793705,1.69176
1.0,1.0,0.01,81,0.963691,720.0,2125.29,1652.68,0.743611,0.498187,0.989035,0.181079,42.42,808.6691,4.6883,2.6893,3.399415,1.814002,1.710844
1.0,1.0,0.01,82,0.963272,720.0,2123.74,1652.69,0.743358,0.497665,0.989052,0.181839,42.42,818.0447,4.6862,2.6894,3.435368,1.834238,1.729867
1.0,1.0,0.01,83,0.962855,720.0,2122.21,1652.71,0.743109,0.497149,0.989068,0.182592,42.42,827.4163,4.6842,2.6894,3.471196,1.854413,1.74883
1.0,1.0,0.01,84,0.962438,720.0,2120.68,1652.76,0.742862,0.49664,0.989084,0.183339,42.42,836.7839,4.6822,2.6895,3.506899,1.874527,1.767734
1.0,1.0,0.01,85,0.962024,720.0,2119.15,1652.96,0.742617,0.496136,0.989098,0.18408,42.43,846.1474,4.6802,2.6896,3.542479,1.894581,1.786579
1.0,1.0,0.01,86,0.961611,720.0,2117.63,1652.8,0.74238,0.495643,0.989117,0.184809,42.43,855.5069,4.6782,2.6897,3.577936,1.914576,1.805366
1.0,1.0,0.01,87,0.961199,720.0,2116.11,1652.89,0.742142,0.495153,0.989132,0.185534,42.43,864.8623,4.6761,2.6897,3.613272,1.934512,1.824096
1.0,1.0,0.01,88,0.960789,720.0,2114.6,1652.84,0.74191,0.494671,0.989149,0.186251,42.43,874.2137,4.6742,2.6898,3.648488,1.954389,1.842768
1.0,1.0,0.01,89,0.96038,720.0,2113.09,1652.86,0.74168,0.494194,0.989165,0.186961,42.43,883.561,4.6722,2.6899,3.683585,1.974209,1.861384
1.0,1.0,0.01,90,0.959973,720.0,2111.59,1652.98,0.741451,0.493723,0.989179,0.187667,42.43,892.9044,4.6702,2.69,3.718565,1.993972,1.879944
1.0,1.0,0.01,91,0.959566,720.0,2110.09,1652.91,0.741228,0.493259,0.989196,0.188363,42.43,902.2438,4.6682,2.69,3.753428,2.013678,1.898448
1.0,1.0,0.01,92,0.959162,720.0,2108.6,1652.96,0.741006,0.4928,0.989212,0.189055,42.44,911.5791,4.6662,2.6901,3.788175,2.033328,1.916898
1.0,1.0,0.01,93,0.958758,720.0,2107.11,1652.96,0.740787,0.492347,0.989228,0.189739,42.44,920.9105,4.6643,2.6902,3.822809,2.052923,1.935293
1.0,1.0,0.01,94,0.958357,720.0,2105.63,1653.22,0.740568,0.491896,0.989241,0.190421,42.44,930.238,4.6623,2.6902,3.85733,2.072463,1.953635
1.0,1.0,0.01,95,0.957955,720.0,2104.15,1652.99,0.740358,0.491457,0.989259,0.191089,42.44,939.5615,4.6604,2.6903,3.891738,2.091947,1.971923
1.0,1.0,0.01,96,0.957556,720.0,2102.67,1653.09,0.740146,0.491019,0.989273,0.191757,42.44,948.881,4.6584,2.6904,3.926035,2.111379,1.990159
1.0,1.0,0.01,97,0.957158,720.0,2101.2,1653.04,0.739939,0.490588,0.989289,0.192416,42.44,958.1966,4.6565,2.6905,3.960221,2.130756,2.008342
1.0,1.0,0.01,98,0.956761,720.0,2099.74,1653.15,0.739732,0.49016,0.989304,0.193071,42.42,967.5083,4.6546,2.6905,3.994299,2.150081,2.026473
1.0,1.0,0.01,99,0.956366,720.0,2098.28,1653.18,0.739529,0.489739,0.989319,0.19372,42.42,976.8161,4.6526,2.6906,4.028269,2.169353,2.044553
1.0,1.0,0.01,100,0.955972,720.0,2096.82,1653.4,0.739326,0.48932,0.989332,0.194366,42.42,986.12,4.6507,2.6907,4.062133,2.188573,2.062582
1.0,1.0,0.01,101,0.955578,720.0,2095.37,1653.3,0.739129,0.488909,0.989348,0.195001,42.43,995.42,4.6488,2.6908,4.09589,2.207742,2.080561
1.0,1.0,0.01,102,0.955187,720.0,2093.92,1653.36,0.738932,0.488501,0.989363,0.195633,42.43,1004.7161,4.6469,2.6908,4.129542,2.22686,2.09849
1.0,1.0,0.01,103,0.954796,720.0,2092.48,1653.57,0.738736,0.488097,0.989376,0.196263,42.43,1014.0084,4.645,2.6909,4.16309,2.245927,2.11637
1.0,1.0,0.01,104,0.954407,720.0,2091.04,1653.61,0.738545,0.487698,0.989391,0.196884,42.43,1023.2968,4.6431,2.691,4.196535,2.264944,2.1342
1.0,1.0,0.01,105,0.954019,720.0,2089.61,1653.43,0.738357,0.487307,0.989408,0.197496,42.43,1032.5814,4.6412,2.691,4.229877,2.283911,2.151982
1.0,1.0,0.01,106,0.953632,720.0,2088.18,1653.45,0.73817,0.486918,0.989422,0.198106,42.43,1041.8622,4.6393,2.6911,4.263117,2.302828,2.169715
1.0,1.0,0.01,107,0.953246,720.0,2086.75,1653.57,0.737984,0.486532,0.989436,0.198713,42.43,1051.1392,4.6375,2.6912,4.296257,2.321697,2.187401
1.0,1.0,0.01,108,0.952862,720.0,2085.33,1653.62,0.737801,0.486151,0.98945,0.199313,42.44,1060.4123,4.6356,2.6912,4.329298,2.340517,2.205039
1.0,1.0,0.01,109,0.952478,720.0,2083.91,1653.7,0.737619,0.485774,0.989464,0.19991,42.44,1069.6817,4.6337,2.6913,4.36224,2.359289,2.222631
1.0,1.0,0.01,110,0.952096,720.0,2082.5,1653.88,0.737438,0.4854,0.989477,0.200502,42.44,1078.9474,4.6319,2.6914,4.395084,2.378014,2.240176
1.0,1.0,0.01,111,0.951715,720.0,2081.09,1653.97,0.737261,0.485031,0.989491,0.201089,42.44,1088.2093,4.63,2.6915,4.427831,2.396692,2.257675
1.0,1.0,0.01,112,0.951335,720.0,2079.68,1654.03,0.737085,0.484666,0.989505,0.20167,42.44,1097.4675,4.6282,2.6915,4.460482,2.415323,2.275128
1.0,1.0,0.01,113,0.950957,720.0,2078.28,1654.09,0.736912,0.484305,0.989519,0.202246,42.44,1106.722,4.6263,2.6916,4.493037,2.433907,2.292536
1.0,1.0,0.01,114,0.950578,720.0,2076.89,1653.87,0.736743,0.483951,0.989535,0.202813,42.44,1115.9728,4.6245,2.6917,4.525497,2.452445,2.309899
1.0,1.0,0.01,115,0.950202,720.0,2075.49,1653.94,0.736573,0.483597,0.989549,0.20338,42.44,1125.22,4.6226,2.6917,4.557863,2.470937,2.327217
1.0,1.0,0.01,116,0.949827,720.0,2074.1,1654.09,0.736404,0.483246,0.989562,0.203944,42.45,1134.4636,4.6208,2.6918,4.590137,2.489384,2.344491
1.0,1.0,0.01,117,0.949452,720.0,2072.72,1654.14,0.736238,0.4829,0.989576,0.204502,42.45,1143.7036,4.619,2.6919,4.622318,2.507786,2.361721
1.0,1.0,0.01,118,0.949079,720.0,2071.34,1654.21,0.736073,0.482557,0.989589,0.205056,42.45,1152.9401,4.6172,2.6919,4.654407,2.526144,2.378908
1.0,1.0,0.01,119,0.948707,720.0,2069.96,1654.29,0.73591,0.482218,0.989603,0.205606,42.45,1162.1732,4.6154,2.692,4.686406,2.544457,2.396051
1.0,1.0,0.01,120,0.948336,720.0,2068.58,1654.39,0.735749,0.481881,0.989616,0.206152,42.45,1171.4028,4.6136,2.6921,4.718315,2.562727,2.413152
1.0,1.0,0.01,121,0.947966,720.0,2067.21,1654.46,0.735589,0.481549,0.989629,0.206693,42.45,1180.629,4.6118,2.6921,4.750134,2.580953,2.430211
1.0,1.0,0.01,122,0.947596,720.0,2065.85,1654.45,0.735432,0.481221,0.989643,0.207228,42.45,1189.8518,4.61,2.6922,4.781865,2.599136,2.447227
1.0,1.0,0.01,123,0.947229,720.0,2064.49,1654.62,0.735274,0.480893,0.989655,0.207763,42.46,1199.0711,4.6082,2.6923,4.813507,2.617276,2.464201
1.0,1.0,0.01,124,0.946862,720.0,2063.13,1654.68,0.73512,0.480571,0.989669,0.208291,42.46,1208.287,4.6064,2.6924,4.845063,2.635374,2.481135
1.0,1.0,0.01,125,0.946496,720.0,2061.77,1654.78,0.734966,0.480251,0.989682,0.208816,42.46,1217.4993,4.6046,2.6924,4.876532,2.65343,2.498027
1.0,1.0,0.01,126,0.946131,720.0,2060.42,1654.71,0.734816,0.479936,0.989696,0.209334,42.46,1226.7082,4.6028,2.6925,4.907915,2.671443,2.514878
1.0,1.0,0.01,127,0.945767,720.0,2059.07,1654.97,0.734663,0.47962,0.989707,0.209855,42.46,1235.9135,4.6011,2.6926,4.939214,2.689416,2.531689
1.0,1.0,0.01,128,0.945404,720.0,2057.73,1655.02,0.734515,0.47931,0.98972,0.210367,42.46,1245.1153,4.5993,2.6926,4.970427,2.707347,2.54846
1.0,1.0,0.01,129,0.945042,720.0,2056.39,1655.08,0.734368,0.479002,0.989733,0.210876,42.46,1254.3136,4.5975,2.6927,5.001557,2.725238,2.565191
1.0,1.0,0.01,130,0.944681,720.0,2055.05,1654.96,0.734224,0.4787,0.989748,0.211378,42.47,1263.5083,4.5958,2.6928,5.032604,2.743087,2.581883
1.0,1.0,0.01,131,0.944321,720.0,2053.71,1655.38,0.734076,0.478394,0.989757,0.211886,42.47,1272.6996,4.594,2.6928,5.063568,2.760897,2.598535
1.0,1.0,0.01,132,0.943962,720.0,2052.38,1655.45,0.733933,0.478095,0.98977,0.212384,42.47,1281.8873,4.5923,2.6929,5.094451,2.778667,2.615149
1.0,1.0,0.01,133,0.943604,720.0,2051.06,1655.59,0.73379,0.477798,0.989782,0.21288,42.47,1291.0715,4.5906,2.693,5.125252,2.796398,2.631724
1.0,1.0,0.01,134,0.943247,720.0,2049.73,1655.61,0.73365,0.477505,0.989795,0.21337,42.47,1300.2522,4.5888,2.693,5.155973,2.814089,2.648261
1.0,1.0,0.01,135,0.942891,720.0,2048.41,1655.77,0.73351,0.477213,0.989807,0.213859,42.47,1309.4295,4.5871,2.6931,5.186613,2.831741,2.664761
1.0,1.0,0.01,136,0.942536,720.0,2047.1,1655.91,0.733372,0.476924,0.989819,0.214344,42.47,1318.6032,4.5854,2.6932,5.217175,2.849355,2.681222
1.0,1.0,0.01,137,0.942182,720.0,2045.78,1656.02,0.733235,0.476638,0.989831,0.214825,42.47,1327.7735,4.5836,2.6932,5.247657,2.86693,2.697646
1.0,1.0,0.01,138,0.941828,720.0,2044.47,1656.11,0.733099,0.476355,0.989843,0.215302,42.48,1336.9403,4.5819,2.6933,5.278061,2.884467,2.714033
1.0,1.0,0.01,139,0.941476,720.0,2043.16,1656.27,0.732964,0.476074,0.989855,0.215777,42.48,1346.1036,4.5802,2.6933,5.308388,2.901967,2.730383
1.0,1.0,0.01,140,0.941125,720.0,2041.86,1656.35,0.732831,0.475796,0.989867,0.216248,42.48,1355.2635,4.5785,2.6934,5.338638,2.919429,2.746697
1.0,1.0,0.01,141,0.940774,720.0,2040.56,1656.49,0.732699,0.475519,0.989879,0.216716,42.48,1364.4199,4.5768,2.6935,5.368811,2.936853,2.762974
1.0,1.0,0.01,142,0.940424,720.0,2039.26,1656.65,0.732568,0.475245,0.98989,0.217181,42.46,1373.5729,4.5751,2.6935,5.398908,2.954241,2.779215
1.0,1.0,0.01,143,0.940076,720.0,2037.97,1656.78,0.732438,0.474974,0.989902,0.217643,42.46,1382.7224,4.5734,2.6936,5.428929,2.971592,2.795421
1.0,1.0,0.01,144,0.939728,720.0,2036.68,1656.76,0.732311,0.474707,0.989915,0.218099,42.46,1391.8686,4.5717,2.6937,5.458876,2.988906,2.811591
1.0,1.0,0.01,145,0.939381,720.0,2035.39,1657.06,0.732181,0.474438,0.989925,0.218558,42.46,1401.0113,4.57,2.6937,5.488749,3.006184,2.827726
1.0,1.0,0.01,146,0.939035,720.0,2034.1,1657.25,0.732054,0.474173,0.989936,0.219011,42.46,1410.1507,4.5683,2.6938,5.518548,3.023426,2.843826
1.0,1.0,0.01,147,0.938689,720.0,2032.82,1657.38,0.731929,0.47391,0.989947,0.21946,42.46,1419.2866,4.5666,2.6939,5.548274,3.040633,2.859891
1.0,1.0,0.01,148,0.938345,720.0,2031.54,1657.5,0.731805,0.473651,0.989959,0.219907,42.47,1428.4192,4.565,2.6939,5.577927,3.057804,2.875922
1.0,1.0,0.01,149,0.938002,720.0,2030.27,1657.69,0.731681,0.473392,0.989969,0.220351,42.47,1437.5485,4.5633,2.694,5.607507,3.07494,2.891918
1.0,1.0,0.01,150,0.937659,720.0,2029.0,1657.78,0.731559,0.473137,0.989981,0.220791,42.47,1446.6744,4.5616,2.6941,5.637016,3.092041,2.907881
1.0,1.0,0.01,151,0.937317,720.0,2027.73,1657.94,0.731438,0.472883,0.989992,0.221229,42.47,1455.797,4.56,2.6941,5.666454,3.109107,2.92381
1.0,1.0,0.01,152,0.936976,720.0,2026.46,1658.12,0.731317,0.472631,0.990003,0.221664,42.47,1464.9163,4.5583,2.6942,5.695822,3.126139,2.939705
1.0,1.0,0.01,153,0.936636,720.0,2025.19,1658.32,0.731197,0.472381,0.990014,0.222097,42.47,1474.0323,4.5566,2.6943,5.725119,3.143137,2.955567
1.0,1.0,0.01,154,0.936296,720.0,2023.93,1658.53,0.731078,0.472133,0.990024,0.222528,42.47,1483.145,4.555,2.6943,5.754346,3.160101,2.971396
1.0,1.0,0.01,155,0.935958,720.0,2022.68,1658.66,0.730961,0.471887,0.990035,0.222954,42.47,1492.2544,4.5534,2.6944,5.783505,3.177031,2.987193
1.0,1.0,0.01,156,0.93562,720.0,2021.42,1658.9,0.730844,0.471643,0.990045,0.22338,42.48,1501.3604,4.5517,2.6944,5.812595,3.193928,3.002957
1.0,1.0,0.01,157,0.935283,720.0,2020.17,1659.07,0.730728,0.471401,0.990056,0.223801,42.48,1510.4632,4.5501,2.6945,5.841616,3.210791,3.018688
1.0,1.0,0.01,158,0.934947,720.0,2018.92,1659.27,0.730613,0.471161,0.990066,0.22422,42.48,1519.5626,4.5484,2.6946,5.87057,3.227622,3.034388
1.0,1.0,0.01,159,0.934612,720.0,2017.67,1659.51,0.730499,0.470922,0.990076,0.224638,42.48,1528.6588,4.5468,2.6946,5.899456,3.244419,3.050055
1.0,1.0,0.01,160,0.934277,720.0,2016.43,1659.68,0.730386,0.470686,0.990086,0.225052,42.48,1537.7517,4.5452,2.6947,5.928276,3.261184,3.065691
1.0,1.0,0.01,161,0.933944,720.0,2015.19,1659.87,0.730274,0.470451,0.990097,0.225463,42.48,1546.8413,4.5436,2.6948,5.957029,3.277917,3.081296
1.0,1.0,0.01,162,0.933611,720.0,2013.95,1660.07,0.730163,0.470218,0.990107,0.225872,42.48,1555.9276,4.5419,2.6948,5.985716,3.294618,3.096869
1.0,1.0,0.01,163,0.933278,720.0,2012.71,1660.29,0.730052,0.469987,0.990117,0.226279,42.48,1565.0106,4.5403,2.6949,6.014338,3.311286,3.112412
1.0,1.0,0.01,164,0.932947,720.0,2011.48,1660.47,0.729943,0.469758,0.990127,0.226682,42.49,1574.0904,4.5387,2.6949,6.042895,3.327923,3.127923
1.0,1.0,0.01,165,0.932616,720.0,2010.25,1660.72,0.729834,0.46953,0.990137,0.227085,42.49,1583.1669,4.5371,2.695,6.071387,3.344529,3.143404
1.0,1.0,0.01,166,0.932286,720.0,2009.02,1660.94,0.729726,0.469304,0.990147,0.227484,42.49,1592.2402,4.5355,2.6951,6.099814,3.361103,3.158855
1.0,1.0,0.01,167,0.931957,720.0,2007.8,1661.16,0.729618,0.46908,0.990156,0.227881,42.49,1601.3103,4.5339,2.6951,6.128178,3.377646,3.174275
1.0,1.0,0.01,168,0.931629,720.0,2006.58,1661.38,0.729512,0.468858,0.990166,0.228276,42.49,1610.3771,4.5323,2.6952,6.156479,3.394158,3.189665
1.0,1.0,0.01,169,0.931301,720.0,2005.36,1661.61,0.729406,0.468637,0.990176,0.228668,42.49,1619.4406,4.5307,2.6953,6.184717,3.410639,3.205026
1.0,1.0,0.01,170,0.930974,720.0,2004.14,1661.82,0.729302,0.468418,0.990186,0.229058,42.49,1628.501,4.5291,2.6953,6.212892,3.42709,3.220357
1.0,1.0,0.01,171,0.930648,720.0,2002.93,1662.07,0.729197,0.4682,0.990195,0.229446,42.5,1637.5581,4.5275,2.6954,6.241005,3.443511,3.235659
1.0,1.0,0.01,172,0.930323,720.0,2001.72,1662.27,0.729094,0.467984,0.990205,0.229831,42.5,1646.612,4.5259,2.6954,6.269056,3.459901,3.250931
1.0,1.0,0.01,173,0.929998,720.0,2000.51,1662.48,0.728992,0.46777,0.990214,0.230213,42.5,1655.6628,4.5244,2.6955,6.297046,3.476262,3.266174
1.0,1.0,0.01,174,0.929674,720.0,1999.3,1662.73,0.72889,0.467556,0.990224,0.230595,42.5,1664.7103,4.5228,2.6956,6.324975,3.492593,3.281389
1.0,1.0,0.01,175,0.92935,720.0,1998.1,1662.96,0.728789,0.467345,0.990233,0.230973,42.5,1673.7547,4.5212,2.6956,6.352843,3.508894,3.296574
1.0,1.0,0.01,176,0.929028,720.0,1996.9,1663.19,0.728689,0.467135,0.990242,0.23135,42.5,1682.7959,4.5196,2.6957,6.380651,3.525166,3.311732
1.0,1.0,0.01,177,0.928706,720.0,1995.7,1663.43,0.728589,0.466927,0.990252,0.231724,42.5,1691.834,4.5181,2.6958,6.408399,3.541408,3.326861
1.0,1.0,0.01,178,0.928385,720.0,1994.5,1663.79,0.728489,0.466718,0.99026,0.232099,42.5,1700.8689,4.5165,2.6958,6.436088,3.557622,3.341962
1.0,1.0,0.01,179,0.928064,720.0,1993.31,1663.86,0.728393,0.466515,0.990271,0.232466,42.51,1709.9007,4.5149,2.6959,6.463718,3.573807,3.357035
1.0,1.0,0.01,180,0.927744,720.0,1992.12,1664.1,0.728295,0.466311,0.99028,0.232834,42.51,1718.9293,4.5134,2.6959,6.491288,3.589963,3.37208
1.0,1.0,0.01,181,0.927425,720.0,1990.93,1664.33,0.728199,0.466108,0.990289,0.2332,42.51,1727.9549,4.5118,2.696,6.518801,3.606091,3.387097
1.0,1.0,0.01,182,0.927106,720.0,1989.74,1664.57,0.728103,0.465907,0.990298,0.233564,42.51,1736.9773,4.5103,2.6961,6.546255,3.622191,3.402087
1.0,1.0,0.01,183,0.926788,720.0,1988.56,1664.78,0.728008,0.465708,0.990307,0.233925,42.51,1745.9966,4.5087,2.6961,6.573652,3.638262,3.41705
1.0,1.0,0.01,184,0.926471,720.0,1987.38,1665.0,0.727913,0.465509,0.990317,0.234284,42.51,1755.0129,4.5072,2.6962,6.600991,3.654305,3.431986
1.0,1.0,0.01,185,0.926154,720.0,1986.2,1665.06,0.727821,0.465314,0.990327,0.234639,42.51,1764.026,4.5057,2.6962,6.628273,3.67032,3.446894
1.0,1.0,0.01,186,0.925838,720.0,1985.03,1665.21,0.727728,0.46512,0.990337,0.234993,42.51,1773.036,4.5041,2.6963,6.655498,3.686308,3.461776
1.0,1.0,0.01,187,0.925523,720.0,1983.85,1665.43,0.727636,0.464926,0.990346,0.235346,42.52,1782.043,4.5026,2.6964,6.682667,3.702268,3.476631
1.0,1.0,0.01,188,0.925208,720.0,1982.68,1665.62,0.727544,0.464733,0.990356,0.235697,42.52,1791.0469,4.5011,2.6964,6.70978,3.7182,3.491459
1.0,1.0,0.01,189,0.924894,720.0,1981.51,1665.8,0.727454,0.464542,0.990365,0.236046,42.52,1800.0477,4.4995,2.6965,6.736837,3.734105,3.506261
1.0,1.0,0.01,190,0.924581,720.0,1980.34,1666.0,0.727363,0.464352,0.990374,0.236393,42.52,1809.0455,4.498,2.6965,6.763838,3.749984,3.521037
1.0,1.0,0.01,191,0.924268,720.0,1979.18,1666.19,0.727274,0.464164,0.990384,0.236738,42.5,1818.0403,4.4965,2.6966,6.790785,3.765835,3.535786
1.0,1.0,0.01,192,0.923956,720.0,1978.02,1666.38,0.727185,0.463976,0.990393,0.237081,42.5,1827.0321,4.495,2.6967,6.817676,3.78166,3.55051
1.0,1.0,0.01,193,0.923645,720.0,1976.86,1666.52,0.727097,0.463791,0.990403,0.237421,42.5,1836.0209,4.4934,2.6967,6.844513,3.797458,3.565208
1.0,1.0,0.01,194,0.923334,720.0,1975.7,1666.69,0.727009,0.463606,0.990412,0.237761,42.5,1845.0068,4.4919,2.6968,6.871297,3.813229,3.579881
1.0,1.0,0.01,195,0.923024,720.0,1974.55,1666.86,0.726922,0.463423,0.990421,0.238098,42.5,1853.9899,4.4904,2.6968,6.898026,3.828974,3.594527
1.0,1.0,0.01,196,0.922714,720.0,1973.39,1667.03,0.726836,0.463241,0.990431,0.238433,42.5,1862.97,4.4889,2.6969,6.924701,3.844693,3.609149
1.0,1.0,0.01,197,0.922405,720.0,1972.24,1667.19,0.72675,0.46306,0.99044,0.238767,42.5,1871.9473,4.4874,2.697,6.951324,3.860386,3.623745
1.0,1.0,0.01,198,0.922097,720.0,1971.09,1667.35,0.726665,0.46288,0.990449,0.239099,42.51,1880.9217,4.4859,2.697,6.977893,3.876054,3.638317
1.0,1.0,0.01,199,0.921789,720.0,1969.95,1667.49,0.72658,0.462702,0.990459,0.239428,42.51,1889.8932,4.4844,2.6971,7.00441,3.891695,3.652863
1.0,1.0,0.01,200,0.921482,720.0,1968.8,1667.64,0.726496,0.462524,0.990468,0.239756,42.51,1898.8617,4.4829,2.6971,7.030874,3.907311,3.667385
1.0,1.0,0.01,201,0.921175,720.0,1967.66,1667.8,0.726413,0.462348,0.990478,0.240083,42.51,1907.8273,4.4814,2.6972,7.057287,3.922901,3.681881
1.0,1.0,0.01,202,0.920869,720.0,1966.52,1667.97,0.72633,0.462173,0.990487,0.240408,42.51,1916.79,4.4799,2.6972,7.083647,3.938466,3.696354
1.0,1.0,0.01,203,0.920564,720.0,1965.39,1668.12,0.726248,0.461999,0.990496,0.24073,42.51,1925.7497,4.4785,2.6973,7.109956,3.954006,3.710802
1.0,1.0,0.01,204,0.920259,720.0,1964.25,1668.26,0.726166,0.461826,0.990505,0.241051,42.51,1934.7064,4.477,2.6974,7.136214,3.969521,3.725226
1.0,1.0,0.01,205,0.919955,720.0,1963.12,1668.4,0.726085,0.461655,0.990515,0.241371,42.51,1943.6602,4.4755,2.6974,7.162421,3.98501,3.739626
1.0,1.0,0.01,206,0.919651,720.0,1961.99,1668.55,0.726004,0.461484,0.990524,0.241689,42.52,1952.6111,4.474,2.6975,7.188577,4.000476,3.754001
1.0,1.0,0.01,207,0.919348,720.0,1960.86,1668.69,0.725924,0.461315,0.990533,0.242005,42.52,1961.559,4.4725,2.6975,7.214683,4.015916,3.768353
1.0,1.0,0.01,208,0.919046,720.0,1959.73,1668.8,0.725845,0.461147,0.990543,0.242319,42.52,1970.5039,4.4711,2.6976,7.240739,4.031332,3.782682
1.0,1.0,0.01,209,0.918744,720.0,1958.61,1668.97,0.725765,0.460979,0.990552,0.242632,42.52,1979.4459,4.4696,2.6977,7.266745,4.046724,3.796986
1.0,1.0,0.01,210,0.918443,720.0,1957.49,1669.11,0.725687,0.460813,0.990561,0.242943,42.52,1988.385,4.4681,2.6977,7.292702,4.062091,3.811268
1.0,1.0,0.01,211,0.918142,720.0,1956.37,1669.22,0.725609,0.460648,0.99057,0.243252,42.52,1997.3211,4.4667,2.6978,7.318609,4.077434,3.825526
1.0,1.0,0.01,212,0.917842,720.0,1955.25,1669.37,0.725531,0.460483,0.990579,0.243561,42.52,2006.2544,4.4652,2.6978,7.344467,4.092753,3.83976
1.0,1.0,0.01,213,0.917542,720.0,1954.14,1669.48,0.725455,0.46032,0.990589,0.243867,42.52,2015.1846,4.4638,2.6979,7.370277,4.108049,3.853972
1.0,1.0,0.01,214,0.917244,720.0,1953.02,1669.63,0.725378,0.460158,0.990598,0.244172,42.52,2024.112,4.4623,2.6979,7.396038,4.12332,3.868161
1.0,1.0,0.01,215,0.916945,720.0,1951.91,1669.76,0.725302,0.459997,0.990607,0.244476,42.53,2033.0365,4.4609,2.698,7.421751,4.138568,3.882327
1.0,1.0,0.01,216,0.916647,720.0,1950.8,1669.87,0.725226,0.459837,0.990616,0.244777,42.53,2041.958,4.4594,2.6981,7.447415,4.153793,3.89647
1.0,1.0,0.01,217,0.91635,720.0,1949.7,1670.0,0.725151,0.459677,0.990625,0.245078,42.53,2050.8766,4.458,2.6981,7.473033,4.168994,3.91059
1.0,1.0,0.01,218,0.916053,720.0,1948.59,1670.12,0.725077,0.459519,0.990634,0.245377,42.53,2059.7924,4.4565,2.6982,7.498602,4.184172,3.924688
1.0,1.0,0.01,219,0.915757,720.0,1947.49,1670.25,0.725002,0.459362,0.990643,0.245674,42.53,2068.7052,4.4551,2.6982,7.524125,4.199327,3.938764
1.0,1.0,0.01,220,0.915462,720.0,1946.39,1670.37,0.724929,0.459205,0.990652,0.24597,42.53,2077.6151,4.4536,2.6983,7.5496,4.214459,3.952818
1.0,1.0,0.01,221,0.915167,720.0,1945.29,1670.45,0.724856,0.45905,0.990662,0.246264,42.53,2086.5222,4.4522,2.6983,7.575029,4.229568,3.966849
1.0,1.0,0.01,222,0.914872,720.0,1944.19,1670.6,0.724783,0.458895,0.990671,0.246557,42.53,2095.4263,4.4508,2.6984,7.600411,4.244654,3.980859
1.0,1.0,0.01,223,0.914578,720.0,1943.1,1670.71,0.724711,0.458742,0.99068,0.246849,42.54,2104.3276,4.4493,2.6985,7.625747,4.259717,3.994846
1.0,1.0,0.01,224,0.914285,720.0,1942.0,1670.85,0.724639,0.458589,0.990688,0.247139,42.54,2113.226,4.4479,2.6985,7.651037,4.274758,4.008812
1.0,1.0,0.01,225,0.913992,720.0,1940.91,1670.96,0.724567,0.458437,0.990698,0.247428,42.54,2122.1216,4.4465,2.6986,7.676281,4.289777,4.022756
1.0,1.0,0.01,226,0.9137,720.0,1939.82,1671.11,0.724496,0.458286,0.990706,0.247716,42.54,2131.0143,4.4451,2.6986,7.70148,4.304773,4.036679
1.0,1.0,0.01,227,0.913408,720.0,1938.74,1671.24,0.724425,0.458135,0.990715,0.248003,42.54,2139.9041,4.4436,2.6987,7.726634,4.319748,4.050581
1.0,1.0,0.01,228,0.913117,720.0,1937.65,1671.36,0.724355,0.457986,0.990724,0.248287,42.54,2148.791,4.4422,2.6987,7.751742,4.3347,4.064461
1.0,1.0,0.01,229,0.912826,720.0,1936.57,1671.48,0.724285,0.457838,0.990733,0.248571,42.54,2157.6752,4.4408,2.6988,7.776806,4.34963,4.078319
1.0,1.0,0.01,230,0.912536,720.0,1935.49,1671.57,0.724216,0.45769,0.990742,0.248852,42.54,2166.5564,4.4394,2.6989,7.801825,4.364538,4.092157
1.0,1.0,0.01,231,0.912246,720.0,1934.41,1671.67,0.724147,0.457544,0.990751,0.249132,42.55,2175.4349,4.438,2.6989,7.8268,4.379425,4.105974
1.0,1.0,0.01,232,0.911957,720.0,1933.33,1671.77,0.724079,0.457398,0.99076,0.249411,42.55,2184.3104,4.4366,2.699,7.851731,4.394289,4.11977
1.0,1.0,0.01,233,0.911669,720.0,1932.26,1671.88,0.724011,0.457253,0.990769,0.249689,42.55,2193.1832,4.4352,2.699,7.876617,4.409133,4.133545
1.0,1.0,0.01,234,0.91138,720.0,1931.19,1672.01,0.723943,0.457109,0.990777,0.249966,42.55,2202.0531,4.4338,2.6991,7.90146,4.423955,4.147299
1.0,1.0,0.01,235,0.911093,720.0,1930.11,1672.11,0.723876,0.456965,0.990786,0.250242,42.55,2210.9203,4.4324,2.6991,7.92626,4.438755,4.161033
1.0,1.0,0.01,236,0.910806,720.0,1929.05,1672.22,0.723809,0.456823,0.990795,0.250516,42.55,2219.7846,4.431,2.6992,7.951016,4.453535,4.174746
1.0,1.0,0.01,237,0.910519,720.0,1927.98,1672.35,0.723742,0.456681,0.990803,0.250789,42.55,2228.6461,4.4296,2.6992,7.975729,4.468293,4.188439
1.0,1.0,0.01,238,0.910233,720.0,1926.91,1672.47,0.723676,0.45654,0.990812,0.251061,42.55,2237.5047,4.4282,2.6993,8.0004,4.48303,4.202112
1.0,1.0,0.01,239,0.909948,720.0,1925.85,1672.57,0.72361,0.456399,0.990821,0.251331,42.56,2246.3606,4.4268,2.6994,8.025027,4.497747,4.215764
1.0,1.0,0.01,240,0.909662,720.0,1924.79,1672.66,0.723545,0.45626,0.99083,0.2516,42.56,2255.2137,4.4254,2.6994,8.049613,4.512442,4.229397
1.0,1.0,0.01,241,0.909378,720.0,1923.73,1672.75,0.72348,0.456122,0.990838,0.251867,42.56,2264.064,4.424,2.6995,8.074156,4.527117,4.243009
1.0,1.0,0.01,242,0.909094,720.0,1922.67,1672.88,0.723415,0.455984,0.990847,0.252134,42.56,2272.9115,4.4227,2.6995,8.098657,4.541772,4.256602
1.0,1.0,0.01,243,0.90881,720.0,1921.62,1672.99,0.723351,0.455846,0.990855,0.2524,42.56,2281.7562,4.4213,2.6996,8.123116,4.556405,4.270175
1.0,1.0,0.01,244,0.908527,720.0,1920.56,1673.07,0.723287,0.45571,0.990864,0.252663,42.56,2290.5982,4.4199,2.6996,8.147534,4.571019,4.283728
1.0,1.0,0.01,245,0.908244,720.0,1919.51,1673.18,0.723224,0.455574,0.990873,0.252926,42.54,2299.4373,4.4185,2.6997,8.17191,4.585612,4.297261
1.0,1.0,0.01,246,0.907962,720.0,1918.46,1673.27,0.72316,0.45544,0.990881,0.253188,42.54,2308.2737,4.4172,2.6997,8.196245,4.600185,4.310775
1.0,1.0,0.01,247,0.90768,720.0,1917.41,1673.36,0.723098,0.455305,0.99089,0.253448,42.54,2317.1074,4.4158,2.6998,8.220539,4.614738,4.32427
1.0,1.0,0.01,248,0.907399,720.0,1916.36,1673.48,0.723035,0.455172,0.990898,0.253708,42.54,2325.9383,4.4144,2.6999,8.244793,4.62927,4.337745
1.0,1.0,0.01,249,0.907119,720.0,1915.32,1673.59,0.722973,0.455039,0.990907,0.253967,42.54,2334.7664,4.4131,2.6999,8.269005,4.643783,4.351202
1.0,1.0,0.01,250,0.906838,720.0,1914.28,1673.69,0.722911,0.454907,0.990915,0.254224,42.54,2343.5918,4.4117,2.7,8.293177,4.658276,4.364639
1.0,1.0,0.01,251,0.906559,720.0,1913.23,1673.8,0.72285,0.454775,0.990924,0.25448,42.55,2352.4144,4.4103,2.7,8.31731,4.672749,4.378057
1.0,1.0,0.01,252,0.906279,720.0,1912.2,1673.92,0.722788,0.454644,0.990932,0.254735,42.55,2361.2343,4.409,2.7001,8.341402,4.687203,4.391456
1.0,1.0,0.01,253,0.906,720.0,1911.16,1673.97,0.722728,0.454515,0.990941,0.254988,42.55,2370.0514,4.4076,2.7001,8.365454,4.701637,4.404836
1.0,1.0,0.01,254,0.905722,720.0,1910.12,1674.07,0.722667,0.454386,0.990949,0.255241,42.55,2378.8658,4.4063,2.7002,8.389466,4.716051,4.418198
1.0,1.0,0.01,255,0.905444,720.0,1909.09,1674.17,0.722607,0.454257,0.990958,0.255492,42.55,2387.6775,4.4049,2.7002,8.413439,4.730447,4.43154
1.0,1.0,0.01,256,0.905167,720.0,1908.06,1674.31,0.722547,0.454129,0.990966,0.255743,42.55,2396.4865,4.4036,2.7003,8.437373,4.744823,4.444865
