Rate_Stage1(C),Rate_Stage2(C),Terminal_Current(C),Cycle,SOH(measured),Stage1_Time(s),Stage2_Time(s),Stage3_Time(s),Reward_Total,Reward_r_soh,Reward_r_time,Reward_delta_soh,Avg Temp(°C),Throughput(Ah),Discharge Cap(Ah),Terminal V(V),LLI(%),LAM_neg(%),LAM_pos(%)
1.0,1.0,0.01,1,0.996132,720.0,2099.08,2194.08,0.84626,0.710741,0.98178,0.024926,28.48,43.6077,4.8461,2.7684,0.024926,0.002301,0.0
1.0,1.0,0.01,2,0.9958,720.0,2098.04,2194.45,0.846601,0.711411,0.981792,0.02474,28.48,53.2993,4.8445,2.7685,0.049667,0.0046,0.0
1.0,1.0,0.01,3,0.995472,720.0,2096.92,2194.99,0.846934,0.712066,0.981802,0.02456,28.48,62.9877,4.8429,2.7686,0.074226,0.006897,0.0
1.0,1.0,0.01,4,0.995145,720.0,2095.77,2195.56,0.847261,0.712709,0.981813,0.024384,28.48,72.6731,4.8413,2.7687,0.09861,0.00919,0.0
1.0,1.0,0.01,5,0.994821,720.0,2094.64,2196.15,0.847582,0.713342,0.981822,0.024211,28.48,82.3554,4.8397,2.7687,0.122821,0.011482,0.0
1.0,1.0,0.01,6,0.994371,720.0,2093.52,2196.78,0.811478,0.641125,0.981831,0.051444,28.48,92.034,4.8375,2.7689,0.159542,0.026467,0.012698
1.0,1.0,0.01,7,0.993819,720.0,2091.97,2197.34,0.791324,0.6008,0.981849,0.075293,28.49,101.7078,4.8348,2.769,0.206427,0.051802,0.03575
1.0,1.0,0.01,8,0.993271,720.0,2090.06,2197.8,0.790163,0.598451,0.981874,0.076926,28.49,111.3763,4.8322,2.7691,0.252991,0.076986,0.058654
1.0,1.0,0.01,9,0.992726,720.0,2088.19,2198.32,0.789042,0.596186,0.981898,0.07853,28.49,121.0394,4.8295,2.7693,0.299239,0.10202,0.081413
1.0,1.0,0.01,10,0.992185,720.0,2086.33,2198.79,0.787963,0.594002,0.981923,0.080103,28.49,130.6973,4.8269,2.7694,0.345179,0.126909,0.104029
1.0,1.0,0.01,11,0.991647,720.0,2084.45,2199.3,0.78692,0.591892,0.981947,0.081647,28.49,140.3498,4.8243,2.7695,0.390817,0.151655,0.126506
1.0,1.0,0.01,12,0.991114,720.0,2082.56,2199.82,0.785913,0.589854,0.981972,0.083163,28.5,149.9971,4.8217,2.7696,0.436159,0.176262,0.148846
1.0,1.0,0.01,13,0.990583,720.0,2080.7,2200.31,0.784939,0.587882,0.981996,0.084651,28.5,159.6392,4.8191,2.7698,0.481211,0.200732,0.171053
1.0,1.0,0.01,14,0.990056,720.0,2078.85,2200.81,0.783997,0.585973,0.98202,0.086114,28.5,169.276,4.8165,2.7699,0.525979,0.225068,0.19313
1.0,1.0,0.01,15,0.989532,720.0,2076.99,2201.34,0.783084,0.584124,0.982043,0.08755,28.5,178.9077,4.814,2.77,0.570469,0.249273,0.215077
1.0,1.0,0.01,16,0.989012,720.0,2075.13,2201.89,0.782199,0.582331,0.982066,0.088963,28.51,188.5342,4.8115,2.7701,0.614685,0.273349,0.2369
1.0,1.0,0.01,17,0.988494,720.0,2073.28,2202.42,0.781341,0.580592,0.98209,0.090351,28.51,198.1557,4.8089,2.7703,0.658634,0.297298,0.258599
1.0,1.0,0.01,18,0.98798,720.0,2071.45,2202.9,0.780509,0.578904,0.982113,0.091716,28.51,207.772,4.8064,2.7704,0.70232,0.321124,0.280177
1.0,1.0,0.01,19,0.987469,720.0,2069.62,2203.42,0.7797,0.577264,0.982136,0.093059,28.51,217.3833,4.8039,2.7705,0.745748,0.344828,0.301637
1.0,1.0,0.01,20,0.98696,720.0,2067.78,2203.93,0.778915,0.575671,0.98216,0.09438,28.52,226.9895,4.8015,2.7706,0.788923,0.368413,0.322981
1.0,1.0,0.01,21,0.986455,720.0,2065.95,2204.51,0.778151,0.57412,0.982182,0.09568,28.52,236.5908,4.799,2.7707,0.831849,0.391881,0.34421
1.0,1.0,0.01,22,0.985953,720.0,2064.14,2204.98,0.777409,0.572612,0.982205,0.096959,28.52,246.1871,4.7966,2.7709,0.874531,0.415234,0.365328
1.0,1.0,0.01,23,0.985453,720.0,2062.33,2205.55,0.776685,0.571143,0.982227,0.098219,28.52,255.7785,4.7941,2.771,0.916974,0.438474,0.386335
1.0,1.0,0.01,24,0.984957,720.0,2060.52,2206.1,0.775981,0.569713,0.982249,0.099459,28.52,265.3649,4.7917,2.7711,0.95918,0.461603,0.407234
1.0,1.0,0.01,25,0.984463,720.0,2058.71,2206.63,0.775295,0.568319,0.982271,0.10068,28.53,274.9465,4.7893,2.7712,1.001156,0.484623,0.428028
1.0,1.0,0.01,26,0.983971,720.0,2056.92,2207.14,0.774626,0.56696,0.982293,0.101883,28.53,284.5232,4.7869,2.7713,1.042904,0.507535,0.448717
1.0,1.0,0.01,27,0.983483,720.0,2055.15,2207.68,0.773974,0.565634,0.982315,0.103068,28.53,294.0952,4.7846,2.7715,1.084428,0.530343,0.469303
1.0,1.0,0.01,28,0.982997,720.0,2053.37,2208.14,0.773339,0.56434,0.982338,0.104235,28.53,303.6623,4.7822,2.7716,1.125732,0.553047,0.489789
1.0,1.0,0.01,29,0.982513,720.0,2051.58,2208.7,0.772718,0.563077,0.982359,0.105386,28.54,313.2247,4.7798,2.7717,1.166819,0.575648,0.510176
1.0,1.0,0.01,30,0.982032,720.0,2049.81,2209.26,0.772111,0.561843,0.98238,0.106521,28.54,322.7824,4.7775,2.7718,1.207694,0.59815,0.530465
1.0,1.0,0.01,31,0.981554,720.0,2048.06,2209.79,0.771519,0.560637,0.982401,0.10764,28.54,332.3354,4.7752,2.7719,1.24836,0.620553,0.550659
1.0,1.0,0.01,32,0.981078,720.0,2046.31,2210.29,0.770941,0.559459,0.982422,0.108742,28.54,341.8839,4.7729,2.772,1.288819,0.642859,0.570758
1.0,1.0,0.01,33,0.980604,720.0,2044.55,2210.78,0.770375,0.558306,0.982444,0.10983,28.54,351.4279,4.7706,2.7722,1.329075,0.66507,0.590765
1.0,1.0,0.01,34,0.980133,720.0,2042.81,2211.38,0.769821,0.557179,0.982464,0.110904,28.55,360.9673,4.7683,2.7723,1.369132,0.687187,0.61068
1.0,1.0,0.01,35,0.979664,720.0,2041.07,2211.87,0.769281,0.556076,0.982486,0.111962,28.55,370.5024,4.766,2.7724,1.408992,0.709211,0.630506
1.0,1.0,0.01,36,0.979198,720.0,2039.34,2212.38,0.768751,0.554996,0.982506,0.113006,28.52,380.0331,4.7637,2.7725,1.448659,0.731144,0.650243
1.0,1.0,0.01,37,0.978733,720.0,2037.62,2213.04,0.768231,0.553937,0.982525,0.114038,28.53,389.5594,4.7615,2.7726,1.488135,0.752988,0.669893
1.0,1.0,0.01,38,0.978271,720.0,2035.9,2213.61,0.767723,0.552901,0.982544,0.115056,28.53,399.0812,4.7592,2.7727,1.527424,0.774743,0.689458
1.0,1.0,0.01,39,0.977811,720.0,2034.19,2214.09,0.767226,0.551887,0.982566,0.11606,28.53,408.5986,4.757,2.7728,1.566527,0.796411,0.708938
1.0,1.0,0.01,40,0.977354,720.0,2032.48,2214.64,0.766739,0.550892,0.982585,0.117052,28.53,418.1116,4.7547,2.7729,1.605449,0.817993,0.728336
1.0,1.0,0.01,41,0.976898,720.0,2030.79,2215.11,0.766262,0.549917,0.982606,0.118031,28.54,427.6202,4.7525,2.773,1.64419,0.839491,0.747651
1.0,1.0,0.01,42,0.976445,720.0,2029.1,2215.66,0.765793,0.54896,0.982626,0.118999,28.54,437.1244,4.7503,2.7732,1.682754,0.860905,0.766885
1.0,1.0,0.01,43,0.975993,720.0,2027.41,2216.14,0.765334,0.548022,0.982646,0.119953,28.54,446.6242,4.7481,2.7733,1.721144,0.882238,0.78604
1.0,1.0,0.01,44,0.975544,720.0,2025.72,2216.7,0.764884,0.547102,0.982666,0.120897,28.54,456.1195,4.7459,2.7734,1.759362,0.903489,0.805117
1.0,1.0,0.01,45,0.975097,720.0,2024.05,2217.23,0.764441,0.546198,0.982685,0.12183,28.54,465.6106,4.7438,2.7735,1.79741,0.924661,0.824116
1.0,1.0,0.01,46,0.974651,720.0,2022.38,2217.73,0.764008,0.545311,0.982705,0.122751,28.55,475.0972,4.7416,2.7736,1.83529,0.945753,0.843039
1.0,1.0,0.01,47,0.974208,720.0,2020.72,2218.2,0.763583,0.54444,0.982725,0.123661,28.55,484.5795,4.7394,2.7737,1.873006,0.966768,0.861887
1.0,1.0,0.01,48,0.973766,720.0,2019.07,2218.66,0.763165,0.543585,0.982745,0.12456,28.55,494.0575,4.7373,2.7738,1.910558,0.987707,0.880661
1.0,1.0,0.01,49,0.973327,720.0,2017.41,2219.2,0.762754,0.542744,0.982764,0.12545,28.55,503.5311,4.7351,2.7739,1.94795,1.00857,0.899361
1.0,1.0,0.01,50,0.972889,720.0,2015.76,2219.77,0.76235,0.541918,0.982783,0.12633,28.55,513.0005,4.733,2.774,1.985184,1.029358,0.91799
1.0,1.0,0.01,51,0.972453,720.0,2014.12,2220.05,0.761957,0.541108,0.982806,0.127197,28.52,522.4655,4.7309,2.7741,2.02226,1.050072,0.936547
1.0,1.0,0.01,52,0.972019,720.0,2012.5,2220.59,0.761567,0.54031,0.982824,0.128057,28.52,531.9263,4.7288,2.7742,2.059182,1.070714,0.955034
1.0,1.0,0.01,53,0.971587,720.0,2010.87,2221.0,0.761185,0.539526,0.982845,0.128906,28.53,541.3828,4.7267,2.7743,2.095952,1.091284,0.973452
1.0,1.0,0.01,54,0.971157,720.0,2009.25,2221.57,0.760808,0.538753,0.982862,0.129747,28.53,550.8351,4.7246,2.7744,2.132571,1.111783,0.991801
1.0,1.0,0.01,55,0.970728,720.0,2007.63,2222.06,0.760438,0.537994,0.982881,0.130579,28.53,560.2831,4.7225,2.7746,2.169042,1.132213,1.010083
1.0,1.0,0.01,56,0.970301,720.0,2006.01,2222.56,0.760074,0.537247,0.9829,0.131401,28.53,569.7269,4.7204,2.7747,2.205366,1.152573,1.028299
1.0,1.0,0.01,57,0.969876,720.0,2004.41,2223.04,0.759716,0.536512,0.982919,0.132215,28.53,579.1665,4.7184,2.7748,2.241545,1.172866,1.046449
1.0,1.0,0.01,58,0.969452,720.0,2002.81,2223.49,0.759364,0.535789,0.982938,0.13302,28.54,588.602,4.7163,2.7749,2.277581,1.19309,1.064533
1.0,1.0,0.01,59,0.969031,720.0,2001.22,2224.02,0.759016,0.535076,0.982956,0.133817,28.54,598.0333,4.7142,2.775,2.313476,1.213249,1.082554
1.0,1.0,0.01,60,0.968611,720.0,1999.63,2224.57,0.758674,0.534375,0.982973,0.134606,28.54,607.4604,4.7122,2.7751,2.349232,1.233342,1.100511
1.0,1.0,0.01,61,0.968192,720.0,1998.04,2224.97,0.758339,0.533685,0.982993,0.135386,28.54,616.8834,4.7102,2.7752,2.384849,1.25337,1.118406
1.0,1.0,0.01,62,0.967775,720.0,1996.46,2225.6,0.758006,0.533003,0.983009,0.13616,28.54,626.3024,4.7081,2.7753,2.420331,1.273334,1.136239
1.0,1.0,0.01,63,0.96736,720.0,1994.89,2226.12,0.757679,0.532332,0.983027,0.136925,28.55,635.7172,4.7061,2.7754,2.455678,1.293235,1.154012
1.0,1.0,0.01,64,0.966946,720.0,1993.33,2226.6,0.757358,0.531672,0.983045,0.137682,28.55,645.128,4.7041,2.7755,2.490892,1.313073,1.171724
1.0,1.0,0.01,65,0.966534,720.0,1991.77,2227.1,0.757042,0.531021,0.983062,0.138432,28.55,654.5348,4.7021,2.7756,2.525974,1.332849,1.189376
1.0,1.0,0.01,66,0.966124,720.0,1990.21,2227.58,0.75673,0.530379,0.98308,0.139175,28.55,663.9376,4.7001,2.7757,2.560927,1.352565,1.20697
1.0,1.0,0.01,67,0.965715,720.0,1988.65,2227.99,0.756423,0.529747,0.983099,0.139909,28.55,673.3366,4.6981,2.7758,2.595751,1.372219,1.224505
1.0,1.0,0.01,68,0.965307,720.0,1987.11,2228.55,0.756119,0.529123,0.983116,0.140638,28.56,682.7316,4.6961,2.7759,2.630449,1.391815,1.241983
1.0,1.0,0.01,69,0.964901,720.0,1985.56,2229.02,0.755821,0.528508,0.983134,0.141359,28.56,692.1227,4.6942,2.776,2.665021,1.411351,1.259405
1.0,1.0,0.01,70,0.964497,720.0,1984.03,2229.54,0.755526,0.527901,0.98315,0.142074,28.56,701.51,4.6922,2.7761,2.699468,1.430828,1.27677
1.0,1.0,0.01,71,0.964094,720.0,1982.5,2230.01,0.755235,0.527303,0.983168,0.142781,28.56,710.8934,4.6902,2.7762,2.733794,1.450248,1.294079
1.0,1.0,0.01,72,0.963692,720.0,1980.97,2230.55,0.754948,0.526712,0.983184,0.143483,28.57,720.2729,4.6883,2.7763,2.767998,1.469611,1.311334
1.0,1.0,0.01,73,0.963292,720.0,1979.45,2231.02,0.754666,0.52613,0.983202,0.144177,28.54,729.6484,4.6863,2.7764,2.802082,1.488918,1.328535
1.0,1.0,0.01,74,0.962893,720.0,1977.93,2231.44,0.754388,0.525556,0.98322,0.144865,28.54,739.02,4.6844,2.7765,2.836047,1.508168,1.345682
1.0,1.0,0.01,75,0.962496,720.0,1976.42,2232.0,0.754112,0.524988,0.983235,0.145548,28.54,748.3878,4.6825,2.7766,2.869895,1.527364,1.362776
1.0,1.0,0.01,76,0.9621,720.0,1974.91,2232.47,0.75384,0.524428,0.983253,0.146224,28.55,757.7517,4.6805,2.7767,2.903627,1.546505,1.379817
1.0,1.0,0.01,77,0.961705,720.0,1973.41,2233.01,0.753571,0.523875,0.983268,0.146895,28.55,767.1117,4.6786,2.7768,2.937244,1.565592,1.396807
1.0,1.0,0.01,78,0.961312,720.0,1971.92,2233.46,0.753307,0.523329,0.983285,0.147559,28.55,776.4678,4.6767,2.7769,2.970747,1.584625,1.413745
1.0,1.0,0.01,79,0.96092,720.0,1970.42,2233.93,0.753046,0.52279,0.983302,0.148217,28.55,785.8201,4.6748,2.777,3.004138,1.603605,1.430632
1.0,1.0,0.01,80,0.960529,720.0,1968.93,2234.31,0.75279,0.522259,0.98332,0.148868,28.55,795.1686,4.6729,2.7771,3.037417,1.622533,1.447469
1.0,1.0,0.01,81,0.96014,720.0,1967.45,2234.89,0.752534,0.521732,0.983335,0.149516,28.56,804.5133,4.671,2.7772,3.070587,1.641409,1.464257
1.0,1.0,0.01,82,0.959752,720.0,1965.97,2235.34,0.752283,0.521213,0.983352,0.150158,28.56,813.8542,4.6691,2.7773,3.103647,1.660234,1.480995
1.0,1.0,0.01,83,0.959365,720.0,1964.49,2235.88,0.752033,0.520699,0.983368,0.150794,28.56,823.1913,4.6672,2.7774,3.1366,1.679008,1.497685
1.0,1.0,0.01,84,0.958979,720.0,1963.02,2236.21,0.75179,0.520194,0.983386,0.151424,28.56,832.5246,4.6653,2.7775,3.169446,1.697732,1.514326
1.0,1.0,0.01,85,0.958595,720.0,1961.56,2236.69,0.751547,0.519693,0.983402,0.152049,28.56,841.8541,4.6635,2.7775,3.202186,1.716406,1.53092
1.0,1.0,0.01,86,0.958212,720.0,1960.1,2237.23,0.751307,0.519197,0.983417,0.15267,28.57,851.18,4.6616,2.7776,3.234822,1.735031,1.547467
1.0,1.0,0.01,87,0.95783,720.0,1958.64,2237.72,0.75107,0.518708,0.983433,0.153286,28.57,860.5022,4.6598,2.7777,3.267354,1.753607,1.563967
1.0,1.0,0.01,88,0.95745,720.0,1957.19,2238.1,0.750838,0.518225,0.98345,0.153895,28.57,869.8207,4.6579,2.7778,3.299783,1.772135,1.58042
1.0,1.0,0.01,89,0.957071,720.0,1955.74,2238.65,0.750606,0.517746,0.983465,0.154501,28.57,879.1354,4.6561,2.7779,3.332111,1.790615,1.596828
1.0,1.0,0.01,90,0.956693,720.0,1954.3,2239.12,0.750377,0.517273,0.983481,0.155101,28.57,888.4465,4.6542,2.778,3.364338,1.809047,1.613191
1.0,1.0,0.01,91,0.956316,720.0,1952.86,2239.53,0.750152,0.516806,0.983498,0.155696,28.58,897.754,4.6524,2.7781,3.396466,1.827433,1.629509
1.0,1.0,0.01,92,0.95594,720.0,1951.42,2240.03,0.749928,0.516344,0.983513,0.156288,28.58,907.0578,4.6506,2.7782,3.428495,1.845772,1.645782
1.0,1.0,0.01,93,0.955565,720.0,1949.99,2240.47,0.749708,0.515887,0.983529,0.156874,28.58,916.3579,4.6487,2.7783,3.460427,1.864066,1.662012
1.0,1.0,0.01,94,0.955192,720.0,1948.57,2241.03,0.749488,0.515434,0.983543,0.157457,28.58,925.6544,4.6469,2.7784,3.492262,1.882314,1.678198
1.0,1.0,0.01,95,0.95482,720.0,1947.14,2241.51,0.749272,0.514987,0.983558,0.158034,28.58,934.9473,4.6451,2.7785,3.524001,1.900517,1.69434
1.0,1.0,0.01,96,0.954448,720.0,1945.72,2241.85,0.749061,0.514545,0.983576,0.158606,28.59,944.2366,4.6433,2.7786,3.555645,1.918675,1.71044
1.0,1.0,0.01,97,0.954078,720.0,1944.31,2242.31,0.748849,0.514108,0.983591,0.159174,28.59,953.5222,4.6415,2.7787,3.587195,1.936788,1.726498
1.0,1.0,0.01,98,0.95371,720.0,1942.9,2242.94,0.748638,0.513673,0.983604,0.15974,28.59,962.8042,4.6397,2.7788,3.618652,1.954858,1.742514
1.0,1.0,0.01,99,0.953342,720.0,1941.49,2243.29,0.748433,0.513246,0.983621,0.160299,28.59,972.0826,4.6379,2.7789,3.650017,1.972885,1.758489
1.0,1.0,0.01,100,0.952975,720.0,1940.09,2243.67,0.74823,0.512822,0.983637,0.160854,28.59,981.3575,4.6361,2.779,3.68129,1.990868,1.774422
1.0,1.0,0.01,101,0.952609,720.0,1938.69,2244.2,0.748026,0.512402,0.983651,0.161407,28.59,990.6288,4.6344,2.779,3.712473,2.008809,1.790314
1.0,1.0,0.01,102,0.952245,720.0,1937.3,2244.64,0.747826,0.511986,0.983666,0.161954,28.6,999.8966,4.6326,2.7791,3.743566,2.026707,1.806166
1.0,1.0,0.01,103,0.951881,720.0,1935.91,2245.19,0.747627,0.511574,0.98368,0.162499,28.6,1009.161,4.6308,2.7792,3.77457,2.044564,1.821979
1.0,1.0,0.01,104,0.951519,720.0,1934.52,2245.55,0.747432,0.511168,0.983696,0.163038,28.6,1018.4218,4.6291,2.7793,3.805485,2.062379,1.837751
1.0,1.0,0.01,105,0.951157,720.0,1933.13,2245.99,0.747238,0.510765,0.983712,0.163574,28.6,1027.6793,4.6273,2.7794,3.836314,2.080153,1.853484
1.0,1.0,0.01,106,0.950797,720.0,1931.75,2246.44,0.747046,0.510366,0.983726,0.164106,28.6,1036.9333,4.6255,2.7795,3.867055,2.097886,1.869179
1.0,1.0,0.01,107,0.950437,720.0,1930.38,2247.07,0.746854,0.509969,0.983738,0.164637,28.61,1046.1839,4.6238,2.7796,3.897712,2.115579,1.884835
1.0,1.0,0.01,108,0.950079,720.0,1929.01,2247.39,0.746667,0.509579,0.983755,0.16516,28.61,1055.4309,4.622,2.7797,3.928282,2.133231,1.900452
1.0,1.0,0.01,109,0.949722,720.0,1927.64,2247.77,0.746482,0.509192,0.983771,0.16568,28.61,1064.6746,4.6203,2.7798,3.958769,2.150844,1.916032
1.0,1.0,0.01,110,0.949365,720.0,1926.28,2248.42,0.746295,0.508807,0.983782,0.1662,28.61,1073.9147,4.6186,2.7799,3.989172,2.168418,1.931574
1.0,1.0,0.01,111,0.94901,720.0,1924.91,2248.68,0.746114,0.508428,0.9838,0.166711,28.61,1083.1514,4.6168,2.78,4.019491,2.185952,1.947079
1.0,1.0,0.01,112,0.948655,720.0,1923.56,2249.1,0.745933,0.508052,0.983815,0.167222,28.62,1092.3846,4.6151,2.78,4.049729,2.203448,1.962547
1.0,1.0,0.01,113,0.948302,720.0,1922.2,2249.68,0.745752,0.507678,0.983827,0.16773,28.62,1101.6143,4.6134,2.7801,4.079885,2.220905,1.977979
1.0,1.0,0.01,114,0.94795,720.0,1920.85,2250.23,0.745574,0.507307,0.98384,0.168235,28.62,1110.8407,4.6117,2.7802,4.109961,2.238324,1.993374
1.0,1.0,0.01,115,0.947598,720.0,1919.5,2250.57,0.745399,0.506942,0.983856,0.168734,28.59,1120.0635,4.61,2.7803,4.139956,2.255706,2.008734
1.0,1.0,0.01,116,0.947247,720.0,1918.16,2251.04,0.745224,0.506579,0.98387,0.169231,28.6,1129.2829,4.6083,2.7804,4.169872,2.27305,2.024058
1.0,1.0,0.01,117,0.946898,720.0,1916.82,2251.48,0.745052,0.506219,0.983884,0.169725,28.6,1138.4988,4.6066,2.7805,4.199709,2.290357,2.039346
1.0,1.0,0.01,118,0.946549,720.0,1915.48,2251.94,0.74488,0.505863,0.983898,0.170215,28.6,1147.7114,4.6049,2.7806,4.229468,2.307627,2.0546
1.0,1.0,0.01,119,0.946201,720.0,1914.15,2252.3,0.744712,0.50551,0.983913,0.170702,28.6,1156.9205,4.6032,2.7807,4.259149,2.32486,2.069818
1.0,1.0,0.01,120,0.945855,720.0,1912.82,2252.85,0.744543,0.505159,0.983926,0.171187,28.6,1166.1262,4.6015,2.7808,4.288754,2.342058,2.085003
1.0,1.0,0.01,121,0.945509,720.0,1911.49,2253.43,0.744374,0.504811,0.983938,0.17167,28.6,1175.3285,4.5998,2.7808,4.318283,2.359219,2.100153
1.0,1.0,0.01,122,0.945164,720.0,1910.16,2253.76,0.744211,0.504468,0.983953,0.172146,28.61,1184.5273,4.5981,2.7809,4.347735,2.376345,2.115269
1.0,1.0,0.01,123,0.944819,720.0,1908.84,2254.17,0.744048,0.504128,0.983968,0.17262,28.61,1193.7228,4.5965,2.781,4.377113,2.393435,2.130352
1.0,1.0,0.01,124,0.944476,720.0,1907.52,2254.61,0.743886,0.50379,0.983982,0.173093,28.61,1202.9149,4.5948,2.7811,4.406416,2.410491,2.145401
1.0,1.0,0.01,125,0.944134,720.0,1906.21,2255.18,0.743723,0.503453,0.983993,0.173563,28.61,1212.1036,4.5931,2.7812,4.435646,2.427511,2.160418
1.0,1.0,0.01,126,0.943792,720.0,1904.9,2255.6,0.743564,0.503121,0.984007,0.174029,28.61,1221.289,4.5915,2.7813,4.464802,2.444498,2.175401
1.0,1.0,0.01,127,0.943452,720.0,1903.59,2256.01,0.743407,0.502792,0.984021,0.174492,28.62,1230.471,4.5898,2.7814,4.493886,2.461449,2.190353
1.0,1.0,0.01,128,0.943112,720.0,1902.29,2256.48,0.74325,0.502465,0.984035,0.174953,28.62,1239.6496,4.5882,2.7814,4.522898,2.478367,2.205271
1.0,1.0,0.01,129,0.942773,720.0,1900.98,2256.9,0.743095,0.502141,0.984048,0.17541,28.62,1248.8249,4.5865,2.7815,4.551838,2.495251,2.220158
1.0,1.0,0.01,130,0.942435,720.0,1899.69,2257.32,0.742941,0.50182,0.984062,0.175865,28.62,1257.9968,4.5849,2.7816,4.580707,2.512102,2.235013
1.0,1.0,0.01,131,0.942098,720.0,1898.39,2257.8,0.742788,0.501501,0.984075,0.176317,28.62,1267.1655,4.5832,2.7817,4.609505,2.52892,2.249837
1.0,1.0,0.01,132,0.941761,720.0,1897.09,2258.23,0.742637,0.501185,0.984088,0.176767,28.63,1276.3308,4.5816,2.7818,4.638234,2.545704,2.264629
1.0,1.0,0.01,133,0.941426,720.0,1895.8,2258.61,0.742487,0.500872,0.984103,0.177213,28.63,1285.4927,4.58,2.7819,4.666893,2.562456,2.279391
1.0,1.0,0.01,134,0.941091,720.0,1894.52,2259.12,0.742338,0.50056,0.984115,0.177658,28.63,1294.6514,4.5783,2.782,4.695484,2.579175,2.294121
1.0,1.0,0.01,135,0.940757,720.0,1893.23,2259.6,0.74219,0.500252,0.984127,0.1781,28.63,1303.8069,4.5767,2.782,4.724006,2.595863,2.308821
1.0,1.0,0.01,136,0.940424,720.0,1891.95,2260.02,0.742043,0.499946,0.984141,0.178538,28.63,1312.959,4.5751,2.7821,4.752461,2.612518,2.323491
1.0,1.0,0.01,137,0.940091,720.0,1890.68,2260.47,0.741898,0.499642,0.984154,0.178975,28.63,1322.1079,4.5735,2.7822,4.780848,2.629141,2.338131
1.0,1.0,0.01,138,0.93976,720.0,1889.4,2260.94,0.741753,0.49934,0.984166,0.179409,28.64,1331.2535,4.5718,2.7823,4.809168,2.645733,2.352741
1.0,1.0,0.01,139,0.939429,720.0,1888.13,2261.4,0.74161,0.499041,0.984179,0.179841,28.64,1340.3959,4.5702,2.7824,4.837423,2.662294,2.367321
1.0,1.0,0.01,140,0.939099,720.0,1886.86,2261.77,0.741469,0.498745,0.984193,0.180269,28.64,1349.5351,4.5686,2.7825,4.865611,2.678824,2.381872
1.0,1.0,0.01,141,0.93877,720.0,1885.59,2262.28,0.741327,0.49845,0.984205,0.180697,28.64,1358.6712,4.567,2.7826,4.893734,2.695323,2.396394
1.0,1.0,0.01,142,0.938442,720.0,1884.32,2262.59,0.741189,0.498159,0.98422,0.18112,28.64,1367.8041,4.5654,2.7826,4.921792,2.711791,2.410887
1.0,1.0,0.01,143,0.938114,720.0,1883.06,2263.17,0.741049,0.497868,0.98423,0.181543,28.65,1376.9338,4.5638,2.7827,4.949786,2.728229,2.425351
1.0,1.0,0.01,144,0.937787,720.0,1881.8,2263.55,0.740912,0.49758,0.984244,0.181962,28.65,1386.0605,4.5622,2.7828,4.977716,2.744637,2.439787
1.0,1.0,0.01,145,0.937461,720.0,1880.55,2264.05,0.740775,0.497294,0.984256,0.18238,28.65,1395.1841,4.5607,2.7829,5.005582,2.761015,2.454194
1.0,1.0,0.01,146,0.937136,720.0,1879.29,2264.51,0.740639,0.49701,0.984268,0.182795,28.65,1404.3046,4.5591,2.783,5.033386,2.777363,2.468574
1.0,1.0,0.01,147,0.936811,720.0,1878.04,2264.85,0.740506,0.49673,0.984282,0.183207,28.65,1413.4221,4.5575,2.7831,5.061127,2.793682,2.482925
1.0,1.0,0.01,148,0.936487,720.0,1876.8,2265.38,0.740371,0.49645,0.984293,0.183619,28.66,1422.5365,4.5559,2.7831,5.088806,2.809971,2.497249
1.0,1.0,0.01,149,0.936164,720.0,1875.55,2265.83,0.740239,0.496172,0.984305,0.184027,28.66,1431.6478,4.5544,2.7832,5.116423,2.826232,2.511545
1.0,1.0,0.01,150,0.935842,720.0,1874.31,2266.28,0.740107,0.495897,0.984318,0.184433,28.66,1440.756,4.5528,2.7833,5.14398,2.842463,2.525814
1.0,1.0,0.01,151,0.93552,720.0,1873.07,2266.72,0.739977,0.495623,0.98433,0.184837,28.66,1449.8612,4.5512,2.7834,5.171475,2.858666,2.540056
1.0,1.0,0.01,152,0.935199,720.0,1871.83,2267.12,0.739848,0.495352,0.984343,0.185239,28.66,1458.9632,4.5497,2.7835,5.19891,2.874841,2.554271
1.0,1.0,0.01,153,0.934879,720.0,1870.59,2267.6,0.739718,0.495082,0.984355,0.185639,28.66,1468.0622,4.5481,2.7836,5.226285,2.890987,2.568459
1.0,1.0,0.01,154,0.934559,720.0,1869.36,2268.12,0.73959,0.494814,0.984366,0.186038,28.67,1477.1581,4.5465,2.7836,5.253601,2.907105,2.582621
1.0,1.0,0.01,155,0.93424,720.0,1868.13,2268.53,0.739463,0.494549,0.984378,0.186433,28.67,1486.2509,4.545,2.7837,5.280857,2.923195,2.596757
1.0,1.0,0.01,156,0.933922,720.0,1866.9,2269.06,0.739336,0.494284,0.984389,0.186828,28.67,1495.3406,4.5434,2.7838,5.308055,2.939258,2.610866
1.0,1.0,0.01,157,0.933605,720.0,1865.68,2269.46,0.739212,0.494022,0.984402,0.187219,28.67,1504.4272,4.5419,2.7839,5.335195,2.955293,2.62495
1.0,1.0,0.01,158,0.933288,720.0,1864.45,2269.88,0.739088,0.493762,0.984414,0.187608,28.67,1513.5107,4.5404,2.784,5.362276,2.9713,2.639008
1.0,1.0,0.01,159,0.932972,720.0,1863.23,2270.34,0.738964,0.493503,0.984426,0.187996,28.68,1522.5911,4.5388,2.784,5.3893,2.987281,2.65304
1.0,1.0,0.01,160,0.932656,720.0,1862.02,2270.72,0.738843,0.493247,0.984438,0.188381,28.68,1531.6685,4.5373,2.7841,5.416267,3.003234,2.667046
1.0,1.0,0.01,161,0.932342,720.0,1860.8,2271.22,0.73872,0.492991,0.984449,0.188766,28.68,1540.7428,4.5358,2.7842,5.443177,3.019161,2.681028
1.0,1.0,0.01,162,0.932028,720.0,1859.59,2271.67,0.738599,0.492738,0.984461,0.189148,28.65,1549.814,4.5342,2.7843,5.470031,3.035061,2.694984
1.0,1.0,0.01,163,0.931714,720.0,1858.37,2272.12,0.738479,0.492486,0.984473,0.189528,28.65,1558.8821,4.5327,2.7844,5.496829,3.050935,2.708916
1.0,1.0,0.01,164,0.931402,720.0,1857.16,2272.57,0.73836,0.492236,0.984484,0.189906,28.65,1567.9471,4.5312,2.7845,5.523571,3.066782,2.722823
1.0,1.0,0.01,165,0.93109,720.0,1855.96,2273.03,0.738242,0.491988,0.984496,0.190283,28.66,1577.0091,4.5297,2.7845,5.550258,3.082604,2.736705
1.0,1.0,0.01,166,0.930778,720.0,1854.75,2273.5,0.738124,0.491741,0.984507,0.190658,28.66,1586.068,4.5282,2.7846,5.57689,3.098399,2.750563
1.0,1.0,0.01,167,0.930467,720.0,1853.55,2273.92,0.738007,0.491496,0.984519,0.19103,28.66,1595.1239,4.5266,2.7847,5.603468,3.114169,2.764396
1.0,1.0,0.01,168,0.930157,720.0,1852.35,2274.38,0.737891,0.491252,0.98453,0.191401,28.66,1604.1767,4.5251,2.7848,5.629991,3.129913,2.778206
1.0,1.0,0.01,169,0.929848,720.0,1851.16,2274.85,0.737775,0.49101,0.984541,0.191771,28.66,1613.2265,4.5236,2.7849,5.656461,3.145632,2.791991
1.0,1.0,0.01,170,0.929539,720.0,1849.96,2275.32,0.737661,0.490769,0.984552,0.192139,28.67,1622.2732,4.5221,2.7849,5.682877,3.161326,2.805753
1.0,1.0,0.01,171,0.929231,720.0,1848.77,2275.82,0.737546,0.49053,0.984563,0.192505,28.67,1631.317,4.5206,2.785,5.70924,3.176994,2.819492
1.0,1.0,0.01,172,0.928923,720.0,1847.58,2276.18,0.737434,0.490293,0.984575,0.192868,28.67,1640.3576,4.5191,2.7851,5.73555,3.192638,2.833206
1.0,1.0,0.01,173,0.928616,720.0,1846.39,2276.64,0.737322,0.490057,0.984586,0.19323,28.67,1649.3953,4.5176,2.7852,5.761807,3.208256,2.846898
1.0,1.0,0.01,174,0.92831,720.0,1845.2,2277.08,0.73721,0.489822,0.984598,0.193591,28.67,1658.4299,4.5161,2.7853,5.788013,3.22385,2.860566
1.0,1.0,0.01,175,0.928004,720.0,1844.02,2277.51,0.737099,0.48959,0.984609,0.19395,28.67,1667.4615,4.5147,2.7853,5.814166,3.23942,2.874212
1.0,1.0,0.01,176,0.927699,720.0,1842.84,2277.96,0.736989,0.489358,0.98462,0.194307,28.68,1676.4902,4.5132,2.7854,5.840269,3.254965,2.887834
1.0,1.0,0.01,177,0.927395,720.0,1841.66,2278.41,0.736879,0.489128,0.984631,0.194663,28.68,1685.5158,4.5117,2.7855,5.86632,3.270486,2.901434
1.0,1.0,0.01,178,0.927091,720.0,1840.48,2278.89,0.73677,0.488899,0.984642,0.195017,28.68,1694.5384,4.5102,2.7856,5.89232,3.285983,2.915011
1.0,1.0,0.01,179,0.926788,720.0,1839.3,2279.3,0.736663,0.488672,0.984653,0.195369,28.68,1703.5581,4.5087,2.7856,5.918269,3.301457,2.928566
1.0,1.0,0.01,180,0.926485,720.0,1838.13,2279.81,0.736554,0.488445,0.984663,0.195721,28.68,1712.5747,4.5073,2.7857,5.944169,3.316906,2.942099
1.0,1.0,0.01,181,0.926183,720.0,1836.96,2280.12,0.736449,0.488221,0.984676,0.196069,28.65,1721.5885,4.5058,2.7858,5.970018,3.332332,2.955609
1.0,1.0,0.01,182,0.925882,720.0,1835.79,2280.66,0.736342,0.487997,0.984686,0.196418,28.65,1730.5993,4.5043,2.7859,5.995818,3.347735,2.969098
1.0,1.0,0.01,183,0.925581,720.0,1834.62,2281.12,0.736236,0.487775,0.984697,0.196764,28.65,1739.6071,4.5029,2.786,6.021569,3.363114,2.982565
1.0,1.0,0.01,184,0.92528,720.0,1833.46,2281.56,0.736131,0.487555,0.984708,0.197109,28.65,1748.6121,4.5014,2.786,6.04727,3.37847,2.99601
1.0,1.0,0.01,185,0.924981,720.0,1832.29,2282.0,0.736027,0.487335,0.984718,0.197452,28.65,1757.6142,4.4999,2.7861,6.072923,3.393803,3.009433
1.0,1.0,0.01,186,0.924682,720.0,1831.13,2282.44,0.735923,0.487117,0.984729,0.197793,28.66,1766.6134,4.4985,2.7862,6.098528,3.409113,3.022835
1.0,1.0,0.01,187,0.924383,720.0,1829.97,2282.86,0.735821,0.486901,0.98474,0.198133,28.66,1775.6098,4.497,2.7863,6.124084,3.424401,3.036215
1.0,1.0,0.01,188,0.924085,720.0,1828.81,2283.37,0.735717,0.486685,0.98475,0.198473,28.66,1784.6034,4.4956,2.7864,6.149593,3.439666,3.049575
1.0,1.0,0.01,189,0.923788,720.0,1827.65,2283.83,0.735615,0.48647,0.984761,0.19881,28.66,1793.594,4.4941,2.7864,6.175054,3.454908,3.062913
1.0,1.0,0.01,190,0.923491,720.0,1826.5,2284.36,0.735513,0.486256,0.98477,0.199147,28.66,1802.5818,4.4927,2.7865,6.200467,3.470128,3.076231
1.0,1.0,0.01,191,0.923194,720.0,1825.35,2284.66,0.735414,0.486046,0.984783,0.19948,28.67,1811.5666,4.4913,2.7866,6.225834,3.485326,3.089528
1.0,1.0,0.01,192,0.922899,720.0,1824.2,2285.12,0.735314,0.485835,0.984793,0.199813,28.67,1820.5487,4.4898,2.7867,6.251154,3.500502,3.102804
1.0,1.0,0.01,193,0.922604,720.0,1823.05,2285.74,0.735212,0.485624,0.984801,0.200147,28.67,1829.5278,4.4884,2.7867,6.276428,3.515656,3.116059
1.0,1.0,0.01,194,0.922309,720.0,1821.9,2286.05,0.735115,0.485417,0.984814,0.200476,28.67,1838.504,4.4869,2.7868,6.301655,3.530788,3.129295
1.0,1.0,0.01,195,0.922015,720.0,1820.76,2286.57,0.735016,0.485209,0.984823,0.200806,28.67,1847.4773,4.4855,2.7869,6.326837,3.545898,3.142509
1.0,1.0,0.01,196,0.921721,720.0,1819.62,2287.04,0.734918,0.485002,0.984833,0.201134,28.67,1856.4478,4.4841,2.787,6.351973,3.560987,3.155704
1.0,1.0,0.01,197,0.921428,720.0,1818.48,2287.58,0.734819,0.484797,0.984842,0.201461,28.68,1865.4154,4.4827,2.787,6.377064,3.576054,3.168879
1.0,1.0,0.01,198,0.921136,720.0,1817.34,2288.07,0.734722,0.484593,0.984852,0.201786,28.68,1874.3802,4.4812,2.7871,6.402109,3.591101,3.182034
1.0,1.0,0.01,199,0.920844,720.0,1816.2,2288.56,0.734625,0.48439,0.984861,0.202111,28.68,1883.342,4.4798,2.7872,6.42711,3.606126,3.195169
1.0,1.0,0.01,200,0.920553,720.0,1815.06,2289.02,0.73453,0.484188,0.984871,0.202433,28.68,1892.301,4.4784,2.7873,6.452067,3.621129,3.208284
1.0,1.0,0.01,201,0.920261,720.0,1813.93,2289.33,0.734436,0.483989,0.984884,0.202752,28.68,1901.2571,4.477,2.7874,6.476979,3.636112,3.22138
1.0,1.0,0.01,202,0.919971,720.0,1812.8,2289.95,0.734339,0.483788,0.984891,0.203074,28.68,1910.2104,4.4756,2.7874,6.501847,3.651074,3.234456
1.0,1.0,0.01,203,0.919681,720.0,1811.67,2290.3,0.734246,0.48359,0.984903,0.203391,28.69,1919.1609,4.4742,2.7875,6.526671,3.666016,3.247513
1.0,1.0,0.01,204,0.919392,720.0,1810.54,2290.78,0.734152,0.483392,0.984912,0.203709,28.69,1928.1085,4.4728,2.7876,6.551451,3.680937,3.260551
1.0,1.0,0.01,205,0.919103,720.0,1809.41,2291.51,0.734056,0.483194,0.984918,0.204028,28.69,1937.0532,4.4714,2.7877,6.576189,3.695837,3.27357
1.0,1.0,0.01,206,0.918815,720.0,1808.29,2291.73,0.733966,0.483001,0.984932,0.20434,28.69,1945.9952,4.47,2.7877,6.600883,3.710717,3.286569
1.0,1.0,0.01,207,0.918527,720.0,1807.17,2292.18,0.733874,0.482806,0.984942,0.204654,28.69,1954.9342,4.4686,2.7878,6.625534,3.725577,3.29955
1.0,1.0,0.01,208,0.91824,720.0,1806.05,2292.65,0.733782,0.482613,0.984951,0.204966,28.7,1963.8705,4.4672,2.7879,6.650142,3.740416,3.312512
1.0,1.0,0.01,209,0.917953,720.0,1804.93,2293.16,0.73369,0.48242,0.98496,0.205278,28.7,1972.804,4.4658,2.788,6.674709,3.755236,3.325455
1.0,1.0,0.01,210,0.917667,720.0,1803.81,2293.59,0.7336,0.482229,0.984971,0.205588,28.7,1981.7347,4.4644,2.788,6.699233,3.770035,3.33838
1.0,1.0,0.01,211,0.917381,720.0,1802.69,2294.06,0.733509,0.482038,0.98498,0.205897,28.7,1990.6627,4.463,2.7881,6.723715,3.784815,3.351286
1.0,1.0,0.01,212,0.917096,720.0,1801.58,2294.54,0.733419,0.481849,0.984989,0.206205,28.7,1999.5878,4.4616,2.7882,6.748156,3.799575,3.364174
1.0,1.0,0.01,213,0.916811,720.0,1800.47,2295.13,0.733328,0.481659,0.984997,0.206513,28.7,2008.5101,4.4602,2.7883,6.772555,3.814315,3.377043
1.0,1.0,0.01,214,0.916527,720.0,1799.36,2295.52,0.73324,0.481472,0.985008,0.206817,28.68,2017.4298,4.4588,2.7883,6.796913,3.829036,3.389895
1.0,1.0,0.01,215,0.916243,720.0,1798.25,2296.0,0.733151,0.481286,0.985017,0.207122,28.68,2026.3466,4.4574,2.7884,6.82123,3.843738,3.402728
1.0,1.0,0.01,216,0.91596,720.0,1797.14,2296.46,0.733063,0.4811,0.985027,0.207425,28.68,2035.2608,4.4561,2.7885,6.845506,3.85842,3.415543
1.0,1.0,0.01,217,0.915677,720.0,1796.03,2297.0,0.732975,0.480915,0.985035,0.207728,28.68,2044.1722,4.4547,2.7886,6.869742,3.873083,3.428341
1.0,1.0,0.01,218,0.915395,720.0,1794.93,2297.54,0.732887,0.48073,0.985043,0.20803,28.68,2053.0809,4.4533,2.7886,6.893937,3.887727,3.441121
1.0,1.0,0.01,219,0.915113,720.0,1793.82,2297.93,0.732801,0.480548,0.985054,0.208328,28.68,2061.9869,4.4519,2.7887,6.918093,3.902352,3.453883
1.0,1.0,0.01,220,0.914831,720.0,1792.72,2298.41,0.732714,0.480366,0.985063,0.208627,28.69,2070.8902,4.4506,2.7888,6.942208,3.916959,3.466628
1.0,1.0,0.01,221,0.91455,720.0,1791.63,2298.9,0.732628,0.480184,0.985072,0.208925,28.69,2079.7908,4.4492,2.7889,6.966284,3.931546,3.479355
1.0,1.0,0.01,222,0.91427,720.0,1790.53,2299.39,0.732542,0.480004,0.985081,0.209222,28.69,2088.6886,4.4478,2.7889,6.99032,3.946115,3.492065
1.0,1.0,0.01,223,0.91399,720.0,1789.43,2299.97,0.732456,0.479823,0.985088,0.209519,28.69,2097.5838,4.4465,2.789,7.014317,3.960665,3.504757
1.0,1.0,0.01,224,0.913711,720.0,1788.34,2300.56,0.73237,0.479644,0.985096,0.209815,28.69,2106.4762,4.4451,2.7891,7.038275,3.975197,3.517433
1.0,1.0,0.01,225,0.913431,720.0,1787.25,2300.86,0.732287,0.479467,0.985108,0.210107,28.69,2115.366,4.4438,2.7892,7.062194,3.98971,3.530091
1.0,1.0,0.01,226,0.913153,720.0,1786.15,2301.52,0.732201,0.479289,0.985114,0.210402,28.7,2124.253,4.4424,2.7892,7.086075,4.004206,3.542733
1.0,1.0,0.01,227,0.912875,720.0,1785.06,2301.84,0.73212,0.479114,0.985125,0.210691,28.7,2133.1374,4.4411,2.7893,7.109917,4.018682,3.555357
1.0,1.0,0.01,228,0.912597,720.0,1783.98,2302.34,0.732036,0.478938,0.985134,0.210982,28.7,2142.0192,4.4397,2.7894,7.133721,4.033141,3.567965
1.0,1.0,0.01,229,0.91232,720.0,1782.89,2302.84,0.731953,0.478764,0.985142,0.211272,28.7,2150.8983,4.4384,2.7895,7.157486,4.047582,3.580556
1.0,1.0,0.01,230,0.912043,720.0,1781.8,2303.33,0.73187,0.47859,0.985151,0.21156,28.7,2159.7748,4.437,2.7895,7.181214,4.062005,3.59313
1.0,1.0,0.01,231,0.911767,720.0,1780.72,2303.84,0.731788,0.478417,0.98516,0.211848,28.7,2168.6486,4.4357,2.7896,7.204904,4.07641,3.605688
1.0,1.0,0.01,232,0.911491,720.0,1779.64,2304.2,0.731708,0.478246,0.98517,0.212133,28.71,2177.5198,4.4343,2.7897,7.228557,4.090797,3.618229
1.0,1.0,0.01,233,0.911216,719.28,1779.28,2304.83,0.731625,0.478073,0.985177,0.212421,28.71,2186.3884,4.433,2.7897,7.252173,4.105167,3.630754
1.0,1.0,0.01,234,0.910941,718.37,1779.11,2305.33,0.731544,0.477902,0.985185,0.212705,28.71,2195.2542,4.4316,2.7898,7.275751,4.119519,3.643263
1.0,1.0,0.01,235,0.910666,717.46,1778.94,2305.91,0.731462,0.477732,0.985192,0.21299,28.71,2204.1174,4.4303,2.7899,7.299293,4.133854,3.655756
1.0,1.0,0.01,236,0.910392,716.55,1778.77,2306.34,0.731382,0.477563,0.985202,0.213272,28.71,2212.978,4.429,2.79,7.322798,4.148171,3.668232
1.0,1.0,0.01,237,0.910118,715.65,1778.61,2306.84,0.731302,0.477394,0.98521,0.213555,28.71,2221.8359,4.4276,2.79,7.346266,4.162471,3.680693
1.0,1.0,0.01,238,0.909845,714.74,1778.44,2307.35,0.731223,0.477227,0.985218,0.213835,28.71,2230.6911,4.4263,2.7901,7.369698,4.176754,3.693137
1.0,1.0,0.01,239,0.909572,713.84,1778.27,2307.87,0.731143,0.47706,0.985226,0.214116,28.71,2239.5436,4.425,2.7902,7.393094,4.19102,3.705566
1.0,1.0,0.01,240,0.9093,712.94,1778.1,2308.36,0.731064,0.476894,0.985235,0.214395,28.72,2248.3934,4.4237,2.7903,7.416454,4.205268,3.717979
1.0,1.0,0.01,241,0.909028,712.04,1777.93,2308.88,0.730985,0.476728,0.985243,0.214674,28.72,2257.2406,4.4223,2.7903,7.439778,4.2195,3.730376
1.0,1.0,0.01,242,0.908756,711.14,1777.76,2309.39,0.730907,0.476563,0.985251,0.214951,28.72,2266.0852,4.421,2.7904,7.463067,4.233715,3.742758
1.0,1.0,0.01,243,0.908485,710.25,1777.59,2309.9,0.730829,0.476399,0.985259,0.215228,28.72,2274.927,4.4197,2.7905,7.48632,4.247913,3.755124
1.0,1.0,0.01,244,0.908214,709.36,1777.42,2310.42,0.730751,0.476236,0.985267,0.215504,28.72,2283.7663,4.4184,2.7905,7.509538,4.262095,3.767475
1.0,1.0,0.01,245,0.907944,708.47,1777.25,2311.04,0.730673,0.476072,0.985273,0.21578,28.72,2292.6028,4.4171,2.7906,7.532721,4.27626,3.77981
1.0,1.0,0.01,246,0.907674,707.58,1777.07,2311.46,0.730597,0.475911,0.985282,0.216053,28.72,2301.4367,4.4158,2.7907,7.555869,4.290408,3.792131
1.0,1.0,0.01,247,0.907405,706.69,1776.9,2312.16,0.730518,0.475748,0.985288,0.216328,28.72,2310.268,4.4144,2.7908,7.578982,4.30454,3.804436
1.0,1.0,0.01,248,0.907136,705.81,1776.72,2312.5,0.730443,0.475589,0.985298,0.216598,28.73,2319.0965,4.4131,2.7908,7.602061,4.318656,3.816726
1.0,1.0,0.01,249,0.906867,704.93,1776.55,2312.99,0.730368,0.475429,0.985306,0.216869,28.73,2327.9225,4.4118,2.7909,7.625105,4.332755,3.829
1.0,1.0,0.01,250,0.906599,704.04,1776.38,2313.58,0.730291,0.475269,0.985313,0.217141,28.73,2336.7458,4.4105,2.791,7.648116,4.346838,3.84126
1.0,1.0,0.01,251,0.906331,703.16,1776.2,2314.08,0.730216,0.475111,0.985321,0.21741,28.73,2345.5665,4.4092,2.7911,7.671092,4.360905,3.853505
1.0,1.0,0.01,252,0.906064,702.28,1776.03,2314.61,0.73014,0.474952,0.985329,0.21768,28.73,2354.3845,4.4079,2.7911,7.694034,4.374956,3.865735
1.0,1.0,0.01,253,0.905797,701.4,1775.86,2315.14,0.730066,0.474795,0.985336,0.217948,28.73,2363.1999,4.4066,2.7912,7.716942,4.388991,3.877951
1.0,1.0,0.01,254,0.90553,700.53,1775.69,2315.67,0.729991,0.474638,0.985344,0.218215,28.73,2372.0127,4.4053,2.7913,7.739817,4.40301,3.890152
1.0,1.0,0.01,255,0.905264,699.65,1775.51,2316.21,0.729917,0.474482,0.985351,0.218482,28.73,2380.8228,4.404,2.7913,7.762659,4.417014,3.902338
1.0,1.0,0.01,256,0.904998,698.78,1775.34,2316.74,0.729842,0.474326,0.985358,0.218748,28.73,2389.6304,4.4027,2.7914,7.785467,4.431001,3.91451
